-500
-498.988
-497.975
-496.963
-495.951
-494.938
-493.926
-492.914
-491.901
-490.889
-489.877
-488.864
-487.852
-486.84
-485.827
-484.815
-483.802
-482.79
-481.778
-480.765
-479.753
-478.741
-477.728
-476.716
-475.704
-474.691
-473.679
-472.667
-471.654
-470.642
-469.63
-468.617
-467.605
-466.593
-465.58
-464.568
-463.556
-462.543
-461.531
-460.519
-459.506
-458.494
-457.481
-456.469
-455.457
-454.444
-453.432
-452.42
-451.407
-450.395
-449.383
-448.37
-447.358
-446.346
-445.333
-444.321
-443.309
-442.296
-441.284
-440.272
-439.259
-438.247
-437.235
-436.222
-435.21
-434.198
-433.185
-432.173
-431.16
-430.148
-429.136
-428.123
-427.111
-426.099
-425.086
-424.074
-423.062
-422.049
-421.037
-420.025
-419.012
-418
-416.988
-415.975
-414.963
-413.951
-412.938
-411.926
-410.914
-409.901
-408.889
-407.877
-406.864
-405.852
-404.84
-403.827
-402.815
-401.802
-400.79
-399.778
-398.765
-397.753
-396.741
-395.728
-394.716
-393.704
-392.691
-391.679
-390.667
-389.654
-388.642
-387.63
-386.617
-385.605
-384.593
-383.58
-382.568
-381.556
-380.543
-379.531
-378.519
-377.506
-376.494
-375.481
-374.469
-373.457
-372.444
-371.432
-370.42
-369.407
-368.395
-367.383
-366.37
-365.358
-364.346
-363.333
-362.321
-361.309
-360.296
-359.284
-358.272
-357.259
-356.247
-355.235
-354.222
-353.21
-352.198
-351.185
-350.173
-349.16
-348.148
-347.136
-346.123
-345.111
-344.099
-343.086
-342.074
-341.062
-340.049
-339.037
-338.025
-337.012
-336
-334.988
-333.975
-332.963
-331.951
-330.938
-329.926
-328.914
-327.901
-326.889
-325.877
-324.864
-323.852
-322.84
-321.827
-320.815
-319.802
-318.79
-317.778
-316.765
-315.753
-314.741
-313.728
-312.716
-311.704
-310.691
-309.679
-308.667
-307.654
-306.642
-305.63
-304.617
-303.605
-302.593
-301.58
-300.568
-299.556
-298.543
-297.531
-296.519
-295.506
-294.494
-293.481
-292.469
-291.457
-290.444
-289.432
-288.42
-287.407
-286.395
-285.383
-284.37
-283.358
-282.346
-281.333
-280.321
-279.309
-278.296
-277.284
-276.272
-275.259
-274.247
-273.235
-272.222
-271.21
-270.198
-269.185
-268.173
-267.16
-266.148
-265.136
-264.123
-263.111
-262.099
-261.086
-260.074
-259.062
-258.049
-257.037
-256.025
-255.012
-254
-252.988
-251.975
-250.963
-249.951
-248.938
-247.926
-246.914
-245.901
-244.889
-243.877
-242.864
-241.852
-240.84
-239.827
-238.815
-237.802
-236.79
-235.778
-234.765
-233.753
-232.741
-231.728
-230.716
-229.704
-228.691
-227.679
-226.667
-225.654
-224.642
-223.63
-222.617
-221.605
-220.593
-219.58
-218.568
-217.556
-216.543
-215.531
-214.519
-213.506
-212.494
-211.481
-210.469
-209.457
-208.444
-207.432
-206.42
-205.407
-204.395
-203.383
-202.37
-201.358
-200.346
-199.333
-198.321
-197.309
-196.296
-195.284
-194.272
-193.259
-192.247
-191.235
-190.222
-189.21
-188.198
-187.185
-186.173
-185.16
-184.148
-183.136
-182.123
-181.111
-180.099
-179.086
-178.074
-177.062
-176.049
-175.037
-174.025
-173.012
-172
-170.988
-169.975
-168.963
-167.951
-166.938
-165.926
-164.914
-163.901
-162.889
-161.877
-160.864
-159.852
-158.84
-157.827
-156.815
-155.802
-154.79
-153.778
-152.765
-151.753
-150.741
-149.728
-148.716
-147.704
-146.691
-145.679
-144.667
-143.654
-142.642
-141.63
-140.617
-139.605
-138.593
-137.58
-136.568
-135.556
-134.543
-133.531
-132.519
-131.506
-130.494
-129.481
-128.469
-127.457
-126.444
-125.432
-124.42
-123.407
-122.395
-121.383
-120.37
-119.358
-118.346
-117.333
-116.321
-115.309
-114.296
-113.284
-112.272
-111.259
-110.247
-109.235
-108.222
-107.21
-106.198
-105.185
-104.173
-103.16
-102.148
-101.136
-100.123
-99.1111
-98.0988
-97.0864
-96.0741
-95.0617
-94.0494
-93.037
-92.0247
-91.0123
-90
-88.9877
-87.9753
-86.963
-85.9506
-84.9383
-83.9259
-82.9136
-81.9012
-80.8889
-79.8765
-78.8642
-77.8519
-76.8395
-75.8272
-74.8148
-73.8025
-72.7901
-71.7778
-70.7654
-69.7531
-68.7407
-67.7284
-66.716
-65.7037
-64.6914
-63.679
-62.6667
-61.6543
-60.642
-59.6296
-58.6173
-57.6049
-56.5926
-55.5802
-54.5679
-53.5556
-52.5432
-51.5309
-50.5185
-49.5062
-48.4938
-47.4815
-46.4691
-45.4568
-44.4444
-43.4321
-42.4198
-41.4074
-40.3951
-39.3827
-38.3704
-37.358
-36.3457
-35.3333
-34.321
-33.3086
-32.2963
-31.284
-30.2716
-29.2593
-28.2469
-27.2346
-26.2222
-25.2099
-24.1975
-23.1852
-22.1728
-21.1605
-20.1481
-19.1358
-18.1235
-17.1111
-16.0988
-15.0864
-14.0741
-13.0617
-12.0494
-11.037
-10.0247
-9.01235
-8
-6.98765
-5.97531
-4.96296
-3.95062
-2.93827
-1.92593
-0.91358
0.0987654
1.11111
2.12346
3.1358
4.14815
5.16049
6.17284
7.18519
8.19753
9.20988
10.2222
11.2346
12.2469
13.2593
14.2716
15.284
16.2963
17.3086
18.321
19.3333
20.3457
21.358
22.3704
23.3827
24.3951
25.4074
26.4198
27.4321
28.4444
29.4568
30.4691
31.4815
32.4938
33.5062
34.5185
35.5309
36.5432
37.5556
38.5679
39.5802
40.5926
41.6049
42.6173
43.6296
44.642
45.6543
46.6667
47.679
48.6914
49.7037
50.716
51.7284
52.7407
53.7531
54.7654
55.7778
56.7901
57.8025
58.8148
59.8272
60.8395
61.8519
62.8642
63.8765
64.8889
65.9012
66.9136
67.9259
68.9383
69.9506
70.963
71.9753
72.9877
74
75.0123
76.0247
77.037
78.0494
79.0617
80.0741
81.0864
82.0988
83.1111
84.1235
85.1358
86.1481
87.1605
88.1728
89.1852
90.1975
91.2099
92.2222
93.2346
94.2469
95.2593
96.2716
97.284
98.2963
99.3086
100.321
101.333
102.346
103.358
104.37
105.383
106.395
107.407
108.42
109.432
110.444
111.457
112.469
113.481
114.494
115.506
116.519
117.531
118.543
119.556
120.568
121.58
122.593
123.605
124.617
125.63
126.642
127.654
128.667
129.679
130.691
131.704
132.716
133.728
134.741
135.753
136.765
137.778
138.79
139.802
140.815
141.827
142.84
143.852
144.864
145.877
146.889
147.901
148.914
149.926
150.938
151.951
152.963
153.975
154.988
156
157.012
158.025
159.037
160.049
161.062
162.074
163.086
164.099
165.111
166.123
167.136
168.148
169.16
170.173
171.185
172.198
173.21
174.222
175.235
176.247
177.259
178.272
179.284
180.296
181.309
182.321
183.333
184.346
185.358
186.37
187.383
188.395
189.407
190.42
191.432
192.444
193.457
194.469
195.481
196.494
197.506
198.519
199.531
200.543
201.556
202.568
203.58
204.593
205.605
206.617
207.63
208.642
209.654
210.667
211.679
212.691
213.704
214.716
215.728
216.741
217.753
218.765
219.778
220.79
221.802
222.815
223.827
224.84
225.852
226.864
227.877
228.889
229.901
230.914
231.926
232.938
233.951
234.963
235.975
236.988
238
239.012
240.025
241.037
242.049
243.062
244.074
245.086
246.099
247.111
248.123
249.136
250.148
251.16
252.173
253.185
254.198
255.21
256.222
257.235
258.247
259.259
260.272
261.284
262.296
263.309
264.321
265.333
266.346
267.358
268.37
269.383
270.395
271.407
272.42
273.432
274.444
275.457
276.469
277.481
278.494
279.506
280.519
281.531
282.543
283.556
284.568
285.58
286.593
287.605
288.617
289.63
290.642
291.654
292.667
293.679
294.691
295.704
296.716
297.728
298.741
299.753
300.765
301.778
302.79
303.802
304.815
305.827
306.84
307.852
308.864
309.877
310.889
311.901
312.914
313.926
314.938
315.951
316.963
317.975
318.988
320
321.012
322.025
323.037
324.049
325.062
326.074
327.086
328.099
329.111
330.123
331.136
332.148
333.16
334.173
335.185
336.198
337.21
338.222
339.235
340.247
341.259
342.272
343.284
344.296
345.309
346.321
347.333
348.346
349.358
350.37
351.383
352.395
353.407
354.42
355.432
356.444
357.457
358.469
359.481
360.494
361.506
362.519
363.531
364.543
365.556
366.568
367.58
368.593
369.605
370.617
371.63
372.642
373.654
374.667
375.679
376.691
377.704
378.716
379.728
380.741
381.753
382.765
383.778
384.79
385.802
386.815
387.827
388.84
389.852
390.864
391.877
392.889
393.901
394.914
395.926
396.938
397.951
398.963
399.975
400.988
402
403.012
404.025
405.037
406.049
407.062
408.074
409.086
410.099
411.111
412.123
413.136
414.148
415.16
416.173
417.185
418.198
419.21
420.222
421.235
422.247
423.259
424.272
425.284
426.296
427.309
428.321
429.333
430.346
431.358
432.37
433.383
434.395
435.407
436.42
437.432
438.444
439.457
440.469
441.481
442.494
443.506
444.519
445.531
446.543
447.556
448.568
449.58
450.593
451.605
452.617
453.63
454.642
455.654
456.667
457.679
458.691
459.704
460.716
461.728
462.741
463.753
464.765
465.778
466.79
467.802
468.815
469.827
470.84
471.852
472.864
473.877
474.889
475.901
476.914
477.926
478.938
479.951
480.963
481.975
482.988
484
485.012
486.025
487.037
488.049
489.062
490.074
491.086
492.099
493.111
494.123
495.136
496.148
497.16
498.173
499.185
500.198
501.21
502.222
503.235
504.247
505.259
506.272
507.284
508.296
509.309
510.321
511.333
