-5000
-4998.99
-4997.98
-4996.96
-4995.95
-4994.94
-4993.93
-4992.91
-4991.9
-4990.89
-4989.88
-4988.86
-4987.85
-4986.84
-4985.83
-4984.81
-4983.8
-4982.79
-4981.78
-4980.77
-4979.75
-4978.74
-4977.73
-4976.72
-4975.7
-4974.69
-4973.68
-4972.67
-4971.65
-4970.64
-4969.63
-4968.62
-4967.6
-4966.59
-4965.58
-4964.57
-4963.56
-4962.54
-4961.53
-4960.52
-4959.51
-4958.49
-4957.48
-4956.47
-4955.46
-4954.44
-4953.43
-4952.42
-4951.41
-4950.4
-4949.38
-4948.37
-4947.36
-4946.35
-4945.33
-4944.32
-4943.31
-4942.3
-4941.28
-4940.27
-4939.26
-4938.25
-4937.23
-4936.22
-4935.21
-4934.2
-4933.19
-4932.17
-4931.16
-4930.15
-4929.14
-4928.12
-4927.11
-4926.1
-4925.09
-4924.07
-4923.06
-4922.05
-4921.04
-4920.02
-4919.01
-4918
-4916.99
-4915.98
-4914.96
-4913.95
-4912.94
-4911.93
-4910.91
-4909.9
-4908.89
-4907.88
-4906.86
-4905.85
-4904.84
-4903.83
-4902.81
-4901.8
-4900.79
-4899.78
-4898.77
-4897.75
-4896.74
-4895.73
-4894.72
-4893.7
-4892.69
-4891.68
-4890.67
-4889.65
-4888.64
-4887.63
-4886.62
-4885.6
-4884.59
-4883.58
-4882.57
-4881.56
-4880.54
-4879.53
-4878.52
-4877.51
-4876.49
-4875.48
-4874.47
-4873.46
-4872.44
-4871.43
-4870.42
-4869.41
-4868.4
-4867.38
-4866.37
-4865.36
-4864.35
-4863.33
-4862.32
-4861.31
-4860.3
-4859.28
-4858.27
-4857.26
-4856.25
-4855.23
-4854.22
-4853.21
-4852.2
-4851.19
-4850.17
-4849.16
-4848.15
-4847.14
-4846.12
-4845.11
-4844.1
-4843.09
-4842.07
-4841.06
-4840.05
-4839.04
-4838.02
-4837.01
-4836
-4834.99
-4833.98
-4832.96
-4831.95
-4830.94
-4829.93
-4828.91
-4827.9
-4826.89
-4825.88
-4824.86
-4823.85
-4822.84
-4821.83
-4820.81
-4819.8
-4818.79
-4817.78
-4816.77
-4815.75
-4814.74
-4813.73
-4812.72
-4811.7
-4810.69
-4809.68
-4808.67
-4807.65
-4806.64
-4805.63
-4804.62
-4803.6
-4802.59
-4801.58
-4800.57
-4799.56
-4798.54
-4797.53
-4796.52
-4795.51
-4794.49
-4793.48
-4792.47
-4791.46
-4790.44
-4789.43
-4788.42
-4787.41
-4786.4
-4785.38
-4784.37
-4783.36
-4782.35
-4781.33
-4780.32
-4779.31
-4778.3
-4777.28
-4776.27
-4775.26
-4774.25
-4773.23
-4772.22
-4771.21
-4770.2
-4769.19
-4768.17
-4767.16
-4766.15
-4765.14
-4764.12
-4763.11
-4762.1
-4761.09
-4760.07
-4759.06
-4758.05
-4757.04
-4756.02
-4755.01
-4754
-4752.99
-4751.98
-4750.96
-4749.95
-4748.94
-4747.93
-4746.91
-4745.9
-4744.89
-4743.88
-4742.86
-4741.85
-4740.84
-4739.83
-4738.81
-4737.8
-4736.79
-4735.78
-4734.77
-4733.75
-4732.74
-4731.73
-4730.72
-4729.7
-4728.69
-4727.68
-4726.67
-4725.65
-4724.64
-4723.63
-4722.62
-4721.6
-4720.59
-4719.58
-4718.57
-4717.56
-4716.54
-4715.53
-4714.52
-4713.51
-4712.49
-4711.48
-4710.47
-4709.46
-4708.44
-4707.43
-4706.42
-4705.41
-4704.4
-4703.38
-4702.37
-4701.36
-4700.35
-4699.33
-4698.32
-4697.31
-4696.3
-4695.28
-4694.27
-4693.26
-4692.25
-4691.23
-4690.22
-4689.21
-4688.2
-4687.19
-4686.17
-4685.16
-4684.15
-4683.14
-4682.12
-4681.11
-4680.1
-4679.09
-4678.07
-4677.06
-4676.05
-4675.04
-4674.02
-4673.01
-4672
-4670.99
-4669.98
-4668.96
-4667.95
-4666.94
-4665.93
-4664.91
-4663.9
-4662.89
-4661.88
-4660.86
-4659.85
-4658.84
-4657.83
-4656.81
-4655.8
-4654.79
-4653.78
-4652.77
-4651.75
-4650.74
-4649.73
-4648.72
-4647.7
-4646.69
-4645.68
-4644.67
-4643.65
-4642.64
-4641.63
-4640.62
-4639.6
-4638.59
-4637.58
-4636.57
-4635.56
-4634.54
-4633.53
-4632.52
-4631.51
-4630.49
-4629.48
-4628.47
-4627.46
-4626.44
-4625.43
-4624.42
-4623.41
-4622.4
-4621.38
-4620.37
-4619.36
-4618.35
-4617.33
-4616.32
-4615.31
-4614.3
-4613.28
-4612.27
-4611.26
-4610.25
-4609.23
-4608.22
-4607.21
-4606.2
-4605.19
-4604.17
-4603.16
-4602.15
-4601.14
-4600.12
-4599.11
-4598.1
-4597.09
-4596.07
-4595.06
-4594.05
-4593.04
-4592.02
-4591.01
-4590
-4588.99
-4587.98
-4586.96
-4585.95
-4584.94
-4583.93
-4582.91
-4581.9
-4580.89
-4579.88
-4578.86
-4577.85
-4576.84
-4575.83
-4574.81
-4573.8
-4572.79
-4571.78
-4570.77
-4569.75
-4568.74
-4567.73
-4566.72
-4565.7
-4564.69
-4563.68
-4562.67
-4561.65
-4560.64
-4559.63
-4558.62
-4557.6
-4556.59
-4555.58
-4554.57
-4553.56
-4552.54
-4551.53
-4550.52
-4549.51
-4548.49
-4547.48
-4546.47
-4545.46
-4544.44
-4543.43
-4542.42
-4541.41
-4540.4
-4539.38
-4538.37
-4537.36
-4536.35
-4535.33
-4534.32
-4533.31
-4532.3
-4531.28
-4530.27
-4529.26
-4528.25
-4527.23
-4526.22
-4525.21
-4524.2
-4523.19
-4522.17
-4521.16
-4520.15
-4519.14
-4518.12
-4517.11
-4516.1
-4515.09
-4514.07
-4513.06
-4512.05
-4511.04
-4510.02
-4509.01
-4508
-4506.99
-4505.98
-4504.96
-4503.95
-4502.94
-4501.93
-4500.91
-4499.9
-4498.89
-4497.88
-4496.86
-4495.85
-4494.84
-4493.83
-4492.81
-4491.8
-4490.79
-4489.78
-4488.77
-4487.75
-4486.74
-4485.73
-4484.72
-4483.7
-4482.69
-4481.68
-4480.67
-4479.65
-4478.64
-4477.63
-4476.62
-4475.6
-4474.59
-4473.58
-4472.57
-4471.56
-4470.54
-4469.53
-4468.52
-4467.51
-4466.49
-4465.48
-4464.47
-4463.46
-4462.44
-4461.43
-4460.42
-4459.41
-4458.4
-4457.38
-4456.37
-4455.36
-4454.35
-4453.33
-4452.32
-4451.31
-4450.3
-4449.28
-4448.27
-4447.26
-4446.25
-4445.23
-4444.22
-4443.21
-4442.2
-4441.19
-4440.17
-4439.16
-4438.15
-4437.14
-4436.12
-4435.11
-4434.1
-4433.09
-4432.07
-4431.06
-4430.05
-4429.04
-4428.02
-4427.01
-4426
-4424.99
-4423.98
-4422.96
-4421.95
-4420.94
-4419.93
-4418.91
-4417.9
-4416.89
-4415.88
-4414.86
-4413.85
-4412.84
-4411.83
-4410.81
-4409.8
-4408.79
-4407.78
-4406.77
-4405.75
-4404.74
-4403.73
-4402.72
-4401.7
-4400.69
-4399.68
-4398.67
-4397.65
-4396.64
-4395.63
-4394.62
-4393.6
-4392.59
-4391.58
-4390.57
-4389.56
-4388.54
-4387.53
-4386.52
-4385.51
-4384.49
-4383.48
-4382.47
-4381.46
-4380.44
-4379.43
-4378.42
-4377.41
-4376.4
-4375.38
-4374.37
-4373.36
-4372.35
-4371.33
-4370.32
-4369.31
-4368.3
-4367.28
-4366.27
-4365.26
-4364.25
-4363.23
-4362.22
-4361.21
-4360.2
-4359.19
-4358.17
-4357.16
-4356.15
-4355.14
-4354.12
-4353.11
-4352.1
-4351.09
-4350.07
-4349.06
-4348.05
-4347.04
-4346.02
-4345.01
-4344
-4342.99
-4341.98
-4340.96
-4339.95
-4338.94
-4337.93
-4336.91
-4335.9
-4334.89
-4333.88
-4332.86
-4331.85
-4330.84
-4329.83
-4328.81
-4327.8
-4326.79
-4325.78
-4324.77
-4323.75
-4322.74
-4321.73
-4320.72
-4319.7
-4318.69
-4317.68
-4316.67
-4315.65
-4314.64
-4313.63
-4312.62
-4311.6
-4310.59
-4309.58
-4308.57
-4307.56
-4306.54
-4305.53
-4304.52
-4303.51
-4302.49
-4301.48
-4300.47
-4299.46
-4298.44
-4297.43
-4296.42
-4295.41
-4294.4
-4293.38
-4292.37
-4291.36
-4290.35
-4289.33
-4288.32
-4287.31
-4286.3
-4285.28
-4284.27
-4283.26
-4282.25
-4281.23
-4280.22
-4279.21
-4278.2
-4277.19
-4276.17
-4275.16
-4274.15
-4273.14
-4272.12
-4271.11
-4270.1
-4269.09
-4268.07
-4267.06
-4266.05
-4265.04
-4264.02
-4263.01
-4262
-4260.99
-4259.98
-4258.96
-4257.95
-4256.94
-4255.93
-4254.91
-4253.9
-4252.89
-4251.88
-4250.86
-4249.85
-4248.84
-4247.83
-4246.81
-4245.8
-4244.79
-4243.78
-4242.77
-4241.75
-4240.74
-4239.73
-4238.72
-4237.7
-4236.69
-4235.68
-4234.67
-4233.65
-4232.64
-4231.63
-4230.62
-4229.6
-4228.59
-4227.58
-4226.57
-4225.56
-4224.54
-4223.53
-4222.52
-4221.51
-4220.49
-4219.48
-4218.47
-4217.46
-4216.44
-4215.43
-4214.42
-4213.41
-4212.4
-4211.38
-4210.37
-4209.36
-4208.35
-4207.33
-4206.32
-4205.31
-4204.3
-4203.28
-4202.27
-4201.26
-4200.25
-4199.23
-4198.22
-4197.21
-4196.2
-4195.19
-4194.17
-4193.16
-4192.15
-4191.14
-4190.12
-4189.11
-4188.1
-4187.09
-4186.07
-4185.06
-4184.05
-4183.04
-4182.02
-4181.01
-4180
-4178.99
-4177.98
-4176.96
-4175.95
-4174.94
-4173.93
-4172.91
-4171.9
-4170.89
-4169.88
-4168.86
-4167.85
-4166.84
-4165.83
-4164.81
-4163.8
-4162.79
-4161.78
-4160.77
-4159.75
-4158.74
-4157.73
-4156.72
-4155.7
-4154.69
-4153.68
-4152.67
-4151.65
-4150.64
-4149.63
-4148.62
-4147.6
-4146.59
-4145.58
-4144.57
-4143.56
-4142.54
-4141.53
-4140.52
-4139.51
-4138.49
-4137.48
-4136.47
-4135.46
-4134.44
-4133.43
-4132.42
-4131.41
-4130.4
-4129.38
-4128.37
-4127.36
-4126.35
-4125.33
-4124.32
-4123.31
-4122.3
-4121.28
-4120.27
-4119.26
-4118.25
-4117.23
-4116.22
-4115.21
-4114.2
-4113.19
-4112.17
-4111.16
-4110.15
-4109.14
-4108.12
-4107.11
-4106.1
-4105.09
-4104.07
-4103.06
-4102.05
-4101.04
-4100.02
-4099.01
-4098
-4096.99
-4095.98
-4094.96
-4093.95
-4092.94
-4091.93
-4090.91
-4089.9
-4088.89
-4087.88
-4086.86
-4085.85
-4084.84
-4083.83
-4082.81
-4081.8
-4080.79
-4079.78
-4078.77
-4077.75
-4076.74
-4075.73
-4074.72
-4073.7
-4072.69
-4071.68
-4070.67
-4069.65
-4068.64
-4067.63
-4066.62
-4065.6
-4064.59
-4063.58
-4062.57
-4061.56
-4060.54
-4059.53
-4058.52
-4057.51
-4056.49
-4055.48
-4054.47
-4053.46
-4052.44
-4051.43
-4050.42
-4049.41
-4048.4
-4047.38
-4046.37
-4045.36
-4044.35
-4043.33
-4042.32
-4041.31
-4040.3
-4039.28
-4038.27
-4037.26
-4036.25
-4035.23
-4034.22
-4033.21
-4032.2
-4031.19
-4030.17
-4029.16
-4028.15
-4027.14
-4026.12
-4025.11
-4024.1
-4023.09
-4022.07
-4021.06
-4020.05
-4019.04
-4018.02
-4017.01
-4016
-4014.99
-4013.98
-4012.96
-4011.95
-4010.94
-4009.93
-4008.91
-4007.9
-4006.89
-4005.88
-4004.86
-4003.85
-4002.84
-4001.83
-4000.81
-3999.8
-3998.79
-3997.78
-3996.77
-3995.75
-3994.74
-3993.73
-3992.72
-3991.7
-3990.69
-3989.68
-3988.67
-3987.65
-3986.64
-3985.63
-3984.62
-3983.6
-3982.59
-3981.58
-3980.57
-3979.56
-3978.54
-3977.53
-3976.52
-3975.51
-3974.49
-3973.48
-3972.47
-3971.46
-3970.44
-3969.43
-3968.42
-3967.41
-3966.4
-3965.38
-3964.37
-3963.36
-3962.35
-3961.33
-3960.32
-3959.31
-3958.3
-3957.28
-3956.27
-3955.26
-3954.25
-3953.23
-3952.22
-3951.21
-3950.2
-3949.19
-3948.17
-3947.16
-3946.15
-3945.14
-3944.12
-3943.11
-3942.1
-3941.09
-3940.07
-3939.06
-3938.05
-3937.04
-3936.02
-3935.01
-3934
-3932.99
-3931.98
-3930.96
-3929.95
-3928.94
-3927.93
-3926.91
-3925.9
-3924.89
-3923.88
-3922.86
-3921.85
-3920.84
-3919.83
-3918.81
-3917.8
-3916.79
-3915.78
-3914.77
-3913.75
-3912.74
-3911.73
-3910.72
-3909.7
-3908.69
-3907.68
-3906.67
-3905.65
-3904.64
-3903.63
-3902.62
-3901.6
-3900.59
-3899.58
-3898.57
-3897.56
-3896.54
-3895.53
-3894.52
-3893.51
-3892.49
-3891.48
-3890.47
-3889.46
-3888.44
-3887.43
-3886.42
-3885.41
-3884.4
-3883.38
-3882.37
-3881.36
-3880.35
-3879.33
-3878.32
-3877.31
-3876.3
-3875.28
-3874.27
-3873.26
-3872.25
-3871.23
-3870.22
-3869.21
-3868.2
-3867.19
-3866.17
-3865.16
-3864.15
-3863.14
-3862.12
-3861.11
-3860.1
-3859.09
-3858.07
-3857.06
-3856.05
-3855.04
-3854.02
-3853.01
-3852
-3850.99
-3849.98
-3848.96
-3847.95
-3846.94
-3845.93
-3844.91
-3843.9
-3842.89
-3841.88
-3840.86
-3839.85
-3838.84
-3837.83
-3836.81
-3835.8
-3834.79
-3833.78
-3832.77
-3831.75
-3830.74
-3829.73
-3828.72
-3827.7
-3826.69
-3825.68
-3824.67
-3823.65
-3822.64
-3821.63
-3820.62
-3819.6
-3818.59
-3817.58
-3816.57
-3815.56
-3814.54
-3813.53
-3812.52
-3811.51
-3810.49
-3809.48
-3808.47
-3807.46
-3806.44
-3805.43
-3804.42
-3803.41
-3802.4
-3801.38
-3800.37
-3799.36
-3798.35
-3797.33
-3796.32
-3795.31
-3794.3
-3793.28
-3792.27
-3791.26
-3790.25
-3789.23
-3788.22
-3787.21
-3786.2
-3785.19
-3784.17
-3783.16
-3782.15
-3781.14
-3780.12
-3779.11
-3778.1
-3777.09
-3776.07
-3775.06
-3774.05
-3773.04
-3772.02
-3771.01
-3770
-3768.99
-3767.98
-3766.96
-3765.95
-3764.94
-3763.93
-3762.91
-3761.9
-3760.89
-3759.88
-3758.86
-3757.85
-3756.84
-3755.83
-3754.81
-3753.8
-3752.79
-3751.78
-3750.77
-3749.75
-3748.74
-3747.73
-3746.72
-3745.7
-3744.69
-3743.68
-3742.67
-3741.65
-3740.64
-3739.63
-3738.62
-3737.6
-3736.59
-3735.58
-3734.57
-3733.56
-3732.54
-3731.53
-3730.52
-3729.51
-3728.49
-3727.48
-3726.47
-3725.46
-3724.44
-3723.43
-3722.42
-3721.41
-3720.4
-3719.38
-3718.37
-3717.36
-3716.35
-3715.33
-3714.32
-3713.31
-3712.3
-3711.28
-3710.27
-3709.26
-3708.25
-3707.23
-3706.22
-3705.21
-3704.2
-3703.19
-3702.17
-3701.16
-3700.15
-3699.14
-3698.12
-3697.11
-3696.1
-3695.09
-3694.07
-3693.06
-3692.05
-3691.04
-3690.02
-3689.01
-3688
-3686.99
-3685.98
-3684.96
-3683.95
-3682.94
-3681.93
-3680.91
-3679.9
-3678.89
-3677.88
-3676.86
-3675.85
-3674.84
-3673.83
-3672.81
-3671.8
-3670.79
-3669.78
-3668.77
-3667.75
-3666.74
-3665.73
-3664.72
-3663.7
-3662.69
-3661.68
-3660.67
-3659.65
-3658.64
-3657.63
-3656.62
-3655.6
-3654.59
-3653.58
-3652.57
-3651.56
-3650.54
-3649.53
-3648.52
-3647.51
-3646.49
-3645.48
-3644.47
-3643.46
-3642.44
-3641.43
-3640.42
-3639.41
-3638.4
-3637.38
-3636.37
-3635.36
-3634.35
-3633.33
-3632.32
-3631.31
-3630.3
-3629.28
-3628.27
-3627.26
-3626.25
-3625.23
-3624.22
-3623.21
-3622.2
-3621.19
-3620.17
-3619.16
-3618.15
-3617.14
-3616.12
-3615.11
-3614.1
-3613.09
-3612.07
-3611.06
-3610.05
-3609.04
-3608.02
-3607.01
-3606
-3604.99
-3603.98
-3602.96
-3601.95
-3600.94
-3599.93
-3598.91
-3597.9
-3596.89
-3595.88
-3594.86
-3593.85
-3592.84
-3591.83
-3590.81
-3589.8
-3588.79
-3587.78
-3586.77
-3585.75
-3584.74
-3583.73
-3582.72
-3581.7
-3580.69
-3579.68
-3578.67
-3577.65
-3576.64
-3575.63
-3574.62
-3573.6
-3572.59
-3571.58
-3570.57
-3569.56
-3568.54
-3567.53
-3566.52
-3565.51
-3564.49
-3563.48
-3562.47
-3561.46
-3560.44
-3559.43
-3558.42
-3557.41
-3556.4
-3555.38
-3554.37
-3553.36
-3552.35
-3551.33
-3550.32
-3549.31
-3548.3
-3547.28
-3546.27
-3545.26
-3544.25
-3543.23
-3542.22
-3541.21
-3540.2
-3539.19
-3538.17
-3537.16
-3536.15
-3535.14
-3534.12
-3533.11
-3532.1
-3531.09
-3530.07
-3529.06
-3528.05
-3527.04
-3526.02
-3525.01
-3524
-3522.99
-3521.98
-3520.96
-3519.95
-3518.94
-3517.93
-3516.91
-3515.9
-3514.89
-3513.88
-3512.86
-3511.85
-3510.84
-3509.83
-3508.81
-3507.8
-3506.79
-3505.78
-3504.77
-3503.75
-3502.74
-3501.73
-3500.72
-3499.7
-3498.69
-3497.68
-3496.67
-3495.65
-3494.64
-3493.63
-3492.62
-3491.6
-3490.59
-3489.58
-3488.57
-3487.56
-3486.54
-3485.53
-3484.52
-3483.51
-3482.49
-3481.48
-3480.47
-3479.46
-3478.44
-3477.43
-3476.42
-3475.41
-3474.4
-3473.38
-3472.37
-3471.36
-3470.35
-3469.33
-3468.32
-3467.31
-3466.3
-3465.28
-3464.27
-3463.26
-3462.25
-3461.23
-3460.22
-3459.21
-3458.2
-3457.19
-3456.17
-3455.16
-3454.15
-3453.14
-3452.12
-3451.11
-3450.1
-3449.09
-3448.07
-3447.06
-3446.05
-3445.04
-3444.02
-3443.01
-3442
-3440.99
-3439.98
-3438.96
-3437.95
-3436.94
-3435.93
-3434.91
-3433.9
-3432.89
-3431.88
-3430.86
-3429.85
-3428.84
-3427.83
-3426.81
-3425.8
-3424.79
-3423.78
-3422.77
-3421.75
-3420.74
-3419.73
-3418.72
-3417.7
-3416.69
-3415.68
-3414.67
-3413.65
-3412.64
-3411.63
-3410.62
-3409.6
-3408.59
-3407.58
-3406.57
-3405.56
-3404.54
-3403.53
-3402.52
-3401.51
-3400.49
-3399.48
-3398.47
-3397.46
-3396.44
-3395.43
-3394.42
-3393.41
-3392.4
-3391.38
-3390.37
-3389.36
-3388.35
-3387.33
-3386.32
-3385.31
-3384.3
-3383.28
-3382.27
-3381.26
-3380.25
-3379.23
-3378.22
-3377.21
-3376.2
-3375.19
-3374.17
-3373.16
-3372.15
-3371.14
-3370.12
-3369.11
-3368.1
-3367.09
-3366.07
-3365.06
-3364.05
-3363.04
-3362.02
-3361.01
-3360
-3358.99
-3357.98
-3356.96
-3355.95
-3354.94
-3353.93
-3352.91
-3351.9
-3350.89
-3349.88
-3348.86
-3347.85
-3346.84
-3345.83
-3344.81
-3343.8
-3342.79
-3341.78
-3340.77
-3339.75
-3338.74
-3337.73
-3336.72
-3335.7
-3334.69
-3333.68
-3332.67
-3331.65
-3330.64
-3329.63
-3328.62
-3327.6
-3326.59
-3325.58
-3324.57
-3323.56
-3322.54
-3321.53
-3320.52
-3319.51
-3318.49
-3317.48
-3316.47
-3315.46
-3314.44
-3313.43
-3312.42
-3311.41
-3310.4
-3309.38
-3308.37
-3307.36
-3306.35
-3305.33
-3304.32
-3303.31
-3302.3
-3301.28
-3300.27
-3299.26
-3298.25
-3297.23
-3296.22
-3295.21
-3294.2
-3293.19
-3292.17
-3291.16
-3290.15
-3289.14
-3288.12
-3287.11
-3286.1
-3285.09
-3284.07
-3283.06
-3282.05
-3281.04
-3280.02
-3279.01
-3278
-3276.99
-3275.98
-3274.96
-3273.95
-3272.94
-3271.93
-3270.91
-3269.9
-3268.89
-3267.88
-3266.86
-3265.85
-3264.84
-3263.83
-3262.81
-3261.8
-3260.79
-3259.78
-3258.77
-3257.75
-3256.74
-3255.73
-3254.72
-3253.7
-3252.69
-3251.68
-3250.67
-3249.65
-3248.64
-3247.63
-3246.62
-3245.6
-3244.59
-3243.58
-3242.57
-3241.56
-3240.54
-3239.53
-3238.52
-3237.51
-3236.49
-3235.48
-3234.47
-3233.46
-3232.44
-3231.43
-3230.42
-3229.41
-3228.4
-3227.38
-3226.37
-3225.36
-3224.35
-3223.33
-3222.32
-3221.31
-3220.3
-3219.28
-3218.27
-3217.26
-3216.25
-3215.23
-3214.22
-3213.21
-3212.2
-3211.19
-3210.17
-3209.16
-3208.15
-3207.14
-3206.12
-3205.11
-3204.1
-3203.09
-3202.07
-3201.06
-3200.05
-3199.04
-3198.02
-3197.01
-3196
-3194.99
-3193.98
-3192.96
-3191.95
-3190.94
-3189.93
-3188.91
-3187.9
-3186.89
-3185.88
-3184.86
-3183.85
-3182.84
-3181.83
-3180.81
-3179.8
-3178.79
-3177.78
-3176.77
-3175.75
-3174.74
-3173.73
-3172.72
-3171.7
-3170.69
-3169.68
-3168.67
-3167.65
-3166.64
-3165.63
-3164.62
-3163.6
-3162.59
-3161.58
-3160.57
-3159.56
-3158.54
-3157.53
-3156.52
-3155.51
-3154.49
-3153.48
-3152.47
-3151.46
-3150.44
-3149.43
-3148.42
-3147.41
-3146.4
-3145.38
-3144.37
-3143.36
-3142.35
-3141.33
-3140.32
-3139.31
-3138.3
-3137.28
-3136.27
-3135.26
-3134.25
-3133.23
-3132.22
-3131.21
-3130.2
-3129.19
-3128.17
-3127.16
-3126.15
-3125.14
-3124.12
-3123.11
-3122.1
-3121.09
-3120.07
-3119.06
-3118.05
-3117.04
-3116.02
-3115.01
-3114
-3112.99
-3111.98
-3110.96
-3109.95
-3108.94
-3107.93
-3106.91
-3105.9
-3104.89
-3103.88
-3102.86
-3101.85
-3100.84
-3099.83
-3098.81
-3097.8
-3096.79
-3095.78
-3094.77
-3093.75
-3092.74
-3091.73
-3090.72
-3089.7
-3088.69
-3087.68
-3086.67
-3085.65
-3084.64
-3083.63
-3082.62
-3081.6
-3080.59
-3079.58
-3078.57
-3077.56
-3076.54
-3075.53
-3074.52
-3073.51
-3072.49
-3071.48
-3070.47
-3069.46
-3068.44
-3067.43
-3066.42
-3065.41
-3064.4
-3063.38
-3062.37
-3061.36
-3060.35
-3059.33
-3058.32
-3057.31
-3056.3
-3055.28
-3054.27
-3053.26
-3052.25
-3051.23
-3050.22
-3049.21
-3048.2
-3047.19
-3046.17
-3045.16
-3044.15
-3043.14
-3042.12
-3041.11
-3040.1
-3039.09
-3038.07
-3037.06
-3036.05
-3035.04
-3034.02
-3033.01
-3032
-3030.99
-3029.98
-3028.96
-3027.95
-3026.94
-3025.93
-3024.91
-3023.9
-3022.89
-3021.88
-3020.86
-3019.85
-3018.84
-3017.83
-3016.81
-3015.8
-3014.79
-3013.78
-3012.77
-3011.75
-3010.74
-3009.73
-3008.72
-3007.7
-3006.69
-3005.68
-3004.67
-3003.65
-3002.64
-3001.63
-3000.62
-2999.6
-2998.59
-2997.58
-2996.57
-2995.56
-2994.54
-2993.53
-2992.52
-2991.51
-2990.49
-2989.48
-2988.47
-2987.46
-2986.44
-2985.43
-2984.42
-2983.41
-2982.4
-2981.38
-2980.37
-2979.36
-2978.35
-2977.33
-2976.32
-2975.31
-2974.3
-2973.28
-2972.27
-2971.26
-2970.25
-2969.23
-2968.22
-2967.21
-2966.2
-2965.19
-2964.17
-2963.16
-2962.15
-2961.14
-2960.12
-2959.11
-2958.1
-2957.09
-2956.07
-2955.06
-2954.05
-2953.04
-2952.02
-2951.01
-2950
-2948.99
-2947.98
-2946.96
-2945.95
-2944.94
-2943.93
-2942.91
-2941.9
-2940.89
-2939.88
-2938.86
-2937.85
-2936.84
-2935.83
-2934.81
-2933.8
-2932.79
-2931.78
-2930.77
-2929.75
-2928.74
-2927.73
-2926.72
-2925.7
-2924.69
-2923.68
-2922.67
-2921.65
-2920.64
-2919.63
-2918.62
-2917.6
-2916.59
-2915.58
-2914.57
-2913.56
-2912.54
-2911.53
-2910.52
-2909.51
-2908.49
-2907.48
-2906.47
-2905.46
-2904.44
-2903.43
-2902.42
-2901.41
-2900.4
-2899.38
-2898.37
-2897.36
-2896.35
-2895.33
-2894.32
-2893.31
-2892.3
-2891.28
-2890.27
-2889.26
-2888.25
-2887.23
-2886.22
-2885.21
-2884.2
-2883.19
-2882.17
-2881.16
-2880.15
-2879.14
-2878.12
-2877.11
-2876.1
-2875.09
-2874.07
-2873.06
-2872.05
-2871.04
-2870.02
-2869.01
-2868
-2866.99
-2865.98
-2864.96
-2863.95
-2862.94
-2861.93
-2860.91
-2859.9
-2858.89
-2857.88
-2856.86
-2855.85
-2854.84
-2853.83
-2852.81
-2851.8
-2850.79
-2849.78
-2848.77
-2847.75
-2846.74
-2845.73
-2844.72
-2843.7
-2842.69
-2841.68
-2840.67
-2839.65
-2838.64
-2837.63
-2836.62
-2835.6
-2834.59
-2833.58
-2832.57
-2831.56
-2830.54
-2829.53
-2828.52
-2827.51
-2826.49
-2825.48
-2824.47
-2823.46
-2822.44
-2821.43
-2820.42
-2819.41
-2818.4
-2817.38
-2816.37
-2815.36
-2814.35
-2813.33
-2812.32
-2811.31
-2810.3
-2809.28
-2808.27
-2807.26
-2806.25
-2805.23
-2804.22
-2803.21
-2802.2
-2801.19
-2800.17
-2799.16
-2798.15
-2797.14
-2796.12
-2795.11
-2794.1
-2793.09
-2792.07
-2791.06
-2790.05
-2789.04
-2788.02
-2787.01
-2786
-2784.99
-2783.98
-2782.96
-2781.95
-2780.94
-2779.93
-2778.91
-2777.9
-2776.89
-2775.88
-2774.86
-2773.85
-2772.84
-2771.83
-2770.81
-2769.8
-2768.79
-2767.78
-2766.77
-2765.75
-2764.74
-2763.73
-2762.72
-2761.7
-2760.69
-2759.68
-2758.67
-2757.65
-2756.64
-2755.63
-2754.62
-2753.6
-2752.59
-2751.58
-2750.57
-2749.56
-2748.54
-2747.53
-2746.52
-2745.51
-2744.49
-2743.48
-2742.47
-2741.46
-2740.44
-2739.43
-2738.42
-2737.41
-2736.4
-2735.38
-2734.37
-2733.36
-2732.35
-2731.33
-2730.32
-2729.31
-2728.3
-2727.28
-2726.27
-2725.26
-2724.25
-2723.23
-2722.22
-2721.21
-2720.2
-2719.19
-2718.17
-2717.16
-2716.15
-2715.14
-2714.12
-2713.11
-2712.1
-2711.09
-2710.07
-2709.06
-2708.05
-2707.04
-2706.02
-2705.01
-2704
-2702.99
-2701.98
-2700.96
-2699.95
-2698.94
-2697.93
-2696.91
-2695.9
-2694.89
-2693.88
-2692.86
-2691.85
-2690.84
-2689.83
-2688.81
-2687.8
-2686.79
-2685.78
-2684.77
-2683.75
-2682.74
-2681.73
-2680.72
-2679.7
-2678.69
-2677.68
-2676.67
-2675.65
-2674.64
-2673.63
-2672.62
-2671.6
-2670.59
-2669.58
-2668.57
-2667.56
-2666.54
-2665.53
-2664.52
-2663.51
-2662.49
-2661.48
-2660.47
-2659.46
-2658.44
-2657.43
-2656.42
-2655.41
-2654.4
-2653.38
-2652.37
-2651.36
-2650.35
-2649.33
-2648.32
-2647.31
-2646.3
-2645.28
-2644.27
-2643.26
-2642.25
-2641.23
-2640.22
-2639.21
-2638.2
-2637.19
-2636.17
-2635.16
-2634.15
-2633.14
-2632.12
-2631.11
-2630.1
-2629.09
-2628.07
-2627.06
-2626.05
-2625.04
-2624.02
-2623.01
-2622
-2620.99
-2619.98
-2618.96
-2617.95
-2616.94
-2615.93
-2614.91
-2613.9
-2612.89
-2611.88
-2610.86
-2609.85
-2608.84
-2607.83
-2606.81
-2605.8
-2604.79
-2603.78
-2602.77
-2601.75
-2600.74
-2599.73
-2598.72
-2597.7
-2596.69
-2595.68
-2594.67
-2593.65
-2592.64
-2591.63
-2590.62
-2589.6
-2588.59
-2587.58
-2586.57
-2585.56
-2584.54
-2583.53
-2582.52
-2581.51
-2580.49
-2579.48
-2578.47
-2577.46
-2576.44
-2575.43
-2574.42
-2573.41
-2572.4
-2571.38
-2570.37
-2569.36
-2568.35
-2567.33
-2566.32
-2565.31
-2564.3
-2563.28
-2562.27
-2561.26
-2560.25
-2559.23
-2558.22
-2557.21
-2556.2
-2555.19
-2554.17
-2553.16
-2552.15
-2551.14
-2550.12
-2549.11
-2548.1
-2547.09
-2546.07
-2545.06
-2544.05
-2543.04
-2542.02
-2541.01
-2540
-2538.99
-2537.98
-2536.96
-2535.95
-2534.94
-2533.93
-2532.91
-2531.9
-2530.89
-2529.88
-2528.86
-2527.85
-2526.84
-2525.83
-2524.81
-2523.8
-2522.79
-2521.78
-2520.77
-2519.75
-2518.74
-2517.73
-2516.72
-2515.7
-2514.69
-2513.68
-2512.67
-2511.65
-2510.64
-2509.63
-2508.62
-2507.6
-2506.59
-2505.58
-2504.57
-2503.56
-2502.54
-2501.53
-2500.52
-2499.51
-2498.49
-2497.48
-2496.47
-2495.46
-2494.44
-2493.43
-2492.42
-2491.41
-2490.4
-2489.38
-2488.37
-2487.36
-2486.35
-2485.33
-2484.32
-2483.31
-2482.3
-2481.28
-2480.27
-2479.26
-2478.25
-2477.23
-2476.22
-2475.21
-2474.2
-2473.19
-2472.17
-2471.16
-2470.15
-2469.14
-2468.12
-2467.11
-2466.1
-2465.09
-2464.07
-2463.06
-2462.05
-2461.04
-2460.02
-2459.01
-2458
-2456.99
-2455.98
-2454.96
-2453.95
-2452.94
-2451.93
-2450.91
-2449.9
-2448.89
-2447.88
-2446.86
-2445.85
-2444.84
-2443.83
-2442.81
-2441.8
-2440.79
-2439.78
-2438.77
-2437.75
-2436.74
-2435.73
-2434.72
-2433.7
-2432.69
-2431.68
-2430.67
-2429.65
-2428.64
-2427.63
-2426.62
-2425.6
-2424.59
-2423.58
-2422.57
-2421.56
-2420.54
-2419.53
-2418.52
-2417.51
-2416.49
-2415.48
-2414.47
-2413.46
-2412.44
-2411.43
-2410.42
-2409.41
-2408.4
-2407.38
-2406.37
-2405.36
-2404.35
-2403.33
-2402.32
-2401.31
-2400.3
-2399.28
-2398.27
-2397.26
-2396.25
-2395.23
-2394.22
-2393.21
-2392.2
-2391.19
-2390.17
-2389.16
-2388.15
-2387.14
-2386.12
-2385.11
-2384.1
-2383.09
-2382.07
-2381.06
-2380.05
-2379.04
-2378.02
-2377.01
-2376
-2374.99
-2373.98
-2372.96
-2371.95
-2370.94
-2369.93
-2368.91
-2367.9
-2366.89
-2365.88
-2364.86
-2363.85
-2362.84
-2361.83
-2360.81
-2359.8
-2358.79
-2357.78
-2356.77
-2355.75
-2354.74
-2353.73
-2352.72
-2351.7
-2350.69
-2349.68
-2348.67
-2347.65
-2346.64
-2345.63
-2344.62
-2343.6
-2342.59
-2341.58
-2340.57
-2339.56
-2338.54
-2337.53
-2336.52
-2335.51
-2334.49
-2333.48
-2332.47
-2331.46
-2330.44
-2329.43
-2328.42
-2327.41
-2326.4
-2325.38
-2324.37
-2323.36
-2322.35
-2321.33
-2320.32
-2319.31
-2318.3
-2317.28
-2316.27
-2315.26
-2314.25
-2313.23
-2312.22
-2311.21
-2310.2
-2309.19
-2308.17
-2307.16
-2306.15
-2305.14
-2304.12
-2303.11
-2302.1
-2301.09
-2300.07
-2299.06
-2298.05
-2297.04
-2296.02
-2295.01
-2294
-2292.99
-2291.98
-2290.96
-2289.95
-2288.94
-2287.93
-2286.91
-2285.9
-2284.89
-2283.88
-2282.86
-2281.85
-2280.84
-2279.83
-2278.81
-2277.8
-2276.79
-2275.78
-2274.77
-2273.75
-2272.74
-2271.73
-2270.72
-2269.7
-2268.69
-2267.68
-2266.67
-2265.65
-2264.64
-2263.63
-2262.62
-2261.6
-2260.59
-2259.58
-2258.57
-2257.56
-2256.54
-2255.53
-2254.52
-2253.51
-2252.49
-2251.48
-2250.47
-2249.46
-2248.44
-2247.43
-2246.42
-2245.41
-2244.4
-2243.38
-2242.37
-2241.36
-2240.35
-2239.33
-2238.32
-2237.31
-2236.3
-2235.28
-2234.27
-2233.26
-2232.25
-2231.23
-2230.22
-2229.21
-2228.2
-2227.19
-2226.17
-2225.16
-2224.15
-2223.14
-2222.12
-2221.11
-2220.1
-2219.09
-2218.07
-2217.06
-2216.05
-2215.04
-2214.02
-2213.01
-2212
-2210.99
-2209.98
-2208.96
-2207.95
-2206.94
-2205.93
-2204.91
-2203.9
-2202.89
-2201.88
-2200.86
-2199.85
-2198.84
-2197.83
-2196.81
-2195.8
-2194.79
-2193.78
-2192.77
-2191.75
-2190.74
-2189.73
-2188.72
-2187.7
-2186.69
-2185.68
-2184.67
-2183.65
-2182.64
-2181.63
-2180.62
-2179.6
-2178.59
-2177.58
-2176.57
-2175.56
-2174.54
-2173.53
-2172.52
-2171.51
-2170.49
-2169.48
-2168.47
-2167.46
-2166.44
-2165.43
-2164.42
-2163.41
-2162.4
-2161.38
-2160.37
-2159.36
-2158.35
-2157.33
-2156.32
-2155.31
-2154.3
-2153.28
-2152.27
-2151.26
-2150.25
-2149.23
-2148.22
-2147.21
-2146.2
-2145.19
-2144.17
-2143.16
-2142.15
-2141.14
-2140.12
-2139.11
-2138.1
-2137.09
-2136.07
-2135.06
-2134.05
-2133.04
-2132.02
-2131.01
-2130
-2128.99
-2127.98
-2126.96
-2125.95
-2124.94
-2123.93
-2122.91
-2121.9
-2120.89
-2119.88
-2118.86
-2117.85
-2116.84
-2115.83
-2114.81
-2113.8
-2112.79
-2111.78
-2110.77
-2109.75
-2108.74
-2107.73
-2106.72
-2105.7
-2104.69
-2103.68
-2102.67
-2101.65
-2100.64
-2099.63
-2098.62
-2097.6
-2096.59
-2095.58
-2094.57
-2093.56
-2092.54
-2091.53
-2090.52
-2089.51
-2088.49
-2087.48
-2086.47
-2085.46
-2084.44
-2083.43
-2082.42
-2081.41
-2080.4
-2079.38
-2078.37
-2077.36
-2076.35
-2075.33
-2074.32
-2073.31
-2072.3
-2071.28
-2070.27
-2069.26
-2068.25
-2067.23
-2066.22
-2065.21
-2064.2
-2063.19
-2062.17
-2061.16
-2060.15
-2059.14
-2058.12
-2057.11
-2056.1
-2055.09
-2054.07
-2053.06
-2052.05
-2051.04
-2050.02
-2049.01
-2048
-2046.99
-2045.98
-2044.96
-2043.95
-2042.94
-2041.93
-2040.91
-2039.9
-2038.89
-2037.88
-2036.86
-2035.85
-2034.84
-2033.83
-2032.81
-2031.8
-2030.79
-2029.78
-2028.77
-2027.75
-2026.74
-2025.73
-2024.72
-2023.7
-2022.69
-2021.68
-2020.67
-2019.65
-2018.64
-2017.63
-2016.62
-2015.6
-2014.59
-2013.58
-2012.57
-2011.56
-2010.54
-2009.53
-2008.52
-2007.51
-2006.49
-2005.48
-2004.47
-2003.46
-2002.44
-2001.43
-2000.42
-1999.41
-1998.4
-1997.38
-1996.37
-1995.36
-1994.35
-1993.33
-1992.32
-1991.31
-1990.3
-1989.28
-1988.27
-1987.26
-1986.25
-1985.23
-1984.22
-1983.21
-1982.2
-1981.19
-1980.17
-1979.16
-1978.15
-1977.14
-1976.12
-1975.11
-1974.1
-1973.09
-1972.07
-1971.06
-1970.05
-1969.04
-1968.02
-1967.01
-1966
-1964.99
-1963.98
-1962.96
-1961.95
-1960.94
-1959.93
-1958.91
-1957.9
-1956.89
-1955.88
-1954.86
-1953.85
-1952.84
-1951.83
-1950.81
-1949.8
-1948.79
-1947.78
-1946.77
-1945.75
-1944.74
-1943.73
-1942.72
-1941.7
-1940.69
-1939.68
-1938.67
-1937.65
-1936.64
-1935.63
-1934.62
-1933.6
-1932.59
-1931.58
-1930.57
-1929.56
-1928.54
-1927.53
-1926.52
-1925.51
-1924.49
-1923.48
-1922.47
-1921.46
-1920.44
-1919.43
-1918.42
-1917.41
-1916.4
-1915.38
-1914.37
-1913.36
-1912.35
-1911.33
-1910.32
-1909.31
-1908.3
-1907.28
-1906.27
-1905.26
-1904.25
-1903.23
-1902.22
-1901.21
-1900.2
-1899.19
-1898.17
-1897.16
-1896.15
-1895.14
-1894.12
-1893.11
-1892.1
-1891.09
-1890.07
-1889.06
-1888.05
-1887.04
-1886.02
-1885.01
-1884
-1882.99
-1881.98
-1880.96
-1879.95
-1878.94
-1877.93
-1876.91
-1875.9
-1874.89
-1873.88
-1872.86
-1871.85
-1870.84
-1869.83
-1868.81
-1867.8
-1866.79
-1865.78
-1864.77
-1863.75
-1862.74
-1861.73
-1860.72
-1859.7
-1858.69
-1857.68
-1856.67
-1855.65
-1854.64
-1853.63
-1852.62
-1851.6
-1850.59
-1849.58
-1848.57
-1847.56
-1846.54
-1845.53
-1844.52
-1843.51
-1842.49
-1841.48
-1840.47
-1839.46
-1838.44
-1837.43
-1836.42
-1835.41
-1834.4
-1833.38
-1832.37
-1831.36
-1830.35
-1829.33
-1828.32
-1827.31
-1826.3
-1825.28
-1824.27
-1823.26
-1822.25
-1821.23
-1820.22
-1819.21
-1818.2
-1817.19
-1816.17
-1815.16
-1814.15
-1813.14
-1812.12
-1811.11
-1810.1
-1809.09
-1808.07
-1807.06
-1806.05
-1805.04
-1804.02
-1803.01
-1802
-1800.99
-1799.98
-1798.96
-1797.95
-1796.94
-1795.93
-1794.91
-1793.9
-1792.89
-1791.88
-1790.86
-1789.85
-1788.84
-1787.83
-1786.81
-1785.8
-1784.79
-1783.78
-1782.77
-1781.75
-1780.74
-1779.73
-1778.72
-1777.7
-1776.69
-1775.68
-1774.67
-1773.65
-1772.64
-1771.63
-1770.62
-1769.6
-1768.59
-1767.58
-1766.57
-1765.56
-1764.54
-1763.53
-1762.52
-1761.51
-1760.49
-1759.48
-1758.47
-1757.46
-1756.44
-1755.43
-1754.42
-1753.41
-1752.4
-1751.38
-1750.37
-1749.36
-1748.35
-1747.33
-1746.32
-1745.31
-1744.3
-1743.28
-1742.27
-1741.26
-1740.25
-1739.23
-1738.22
-1737.21
-1736.2
-1735.19
-1734.17
-1733.16
-1732.15
-1731.14
-1730.12
-1729.11
-1728.1
-1727.09
-1726.07
-1725.06
-1724.05
-1723.04
-1722.02
-1721.01
-1720
-1718.99
-1717.98
-1716.96
-1715.95
-1714.94
-1713.93
-1712.91
-1711.9
-1710.89
-1709.88
-1708.86
-1707.85
-1706.84
-1705.83
-1704.81
-1703.8
-1702.79
-1701.78
-1700.77
-1699.75
-1698.74
-1697.73
-1696.72
-1695.7
-1694.69
-1693.68
-1692.67
-1691.65
-1690.64
-1689.63
-1688.62
-1687.6
-1686.59
-1685.58
-1684.57
-1683.56
-1682.54
-1681.53
-1680.52
-1679.51
-1678.49
-1677.48
-1676.47
-1675.46
-1674.44
-1673.43
-1672.42
-1671.41
-1670.4
-1669.38
-1668.37
-1667.36
-1666.35
-1665.33
-1664.32
-1663.31
-1662.3
-1661.28
-1660.27
-1659.26
-1658.25
-1657.23
-1656.22
-1655.21
-1654.2
-1653.19
-1652.17
-1651.16
-1650.15
-1649.14
-1648.12
-1647.11
-1646.1
-1645.09
-1644.07
-1643.06
-1642.05
-1641.04
-1640.02
-1639.01
-1638
-1636.99
-1635.98
-1634.96
-1633.95
-1632.94
-1631.93
-1630.91
-1629.9
-1628.89
-1627.88
-1626.86
-1625.85
-1624.84
-1623.83
-1622.81
-1621.8
-1620.79
-1619.78
-1618.77
-1617.75
-1616.74
-1615.73
-1614.72
-1613.7
-1612.69
-1611.68
-1610.67
-1609.65
-1608.64
-1607.63
-1606.62
-1605.6
-1604.59
-1603.58
-1602.57
-1601.56
-1600.54
-1599.53
-1598.52
-1597.51
-1596.49
-1595.48
-1594.47
-1593.46
-1592.44
-1591.43
-1590.42
-1589.41
-1588.4
-1587.38
-1586.37
-1585.36
-1584.35
-1583.33
-1582.32
-1581.31
-1580.3
-1579.28
-1578.27
-1577.26
-1576.25
-1575.23
-1574.22
-1573.21
-1572.2
-1571.19
-1570.17
-1569.16
-1568.15
-1567.14
-1566.12
-1565.11
-1564.1
-1563.09
-1562.07
-1561.06
-1560.05
-1559.04
-1558.02
-1557.01
-1556
-1554.99
-1553.98
-1552.96
-1551.95
-1550.94
-1549.93
-1548.91
-1547.9
-1546.89
-1545.88
-1544.86
-1543.85
-1542.84
-1541.83
-1540.81
-1539.8
-1538.79
-1537.78
-1536.77
-1535.75
-1534.74
-1533.73
-1532.72
-1531.7
-1530.69
-1529.68
-1528.67
-1527.65
-1526.64
-1525.63
-1524.62
-1523.6
-1522.59
-1521.58
-1520.57
-1519.56
-1518.54
-1517.53
-1516.52
-1515.51
-1514.49
-1513.48
-1512.47
-1511.46
-1510.44
-1509.43
-1508.42
-1507.41
-1506.4
-1505.38
-1504.37
-1503.36
-1502.35
-1501.33
-1500.32
-1499.31
-1498.3
-1497.28
-1496.27
-1495.26
-1494.25
-1493.23
-1492.22
-1491.21
-1490.2
-1489.19
-1488.17
-1487.16
-1486.15
-1485.14
-1484.12
-1483.11
-1482.1
-1481.09
-1480.07
-1479.06
-1478.05
-1477.04
-1476.02
-1475.01
-1474
-1472.99
-1471.98
-1470.96
-1469.95
-1468.94
-1467.93
-1466.91
-1465.9
-1464.89
-1463.88
-1462.86
-1461.85
-1460.84
-1459.83
-1458.81
-1457.8
-1456.79
-1455.78
-1454.77
-1453.75
-1452.74
-1451.73
-1450.72
-1449.7
-1448.69
-1447.68
-1446.67
-1445.65
-1444.64
-1443.63
-1442.62
-1441.6
-1440.59
-1439.58
-1438.57
-1437.56
-1436.54
-1435.53
-1434.52
-1433.51
-1432.49
-1431.48
-1430.47
-1429.46
-1428.44
-1427.43
-1426.42
-1425.41
-1424.4
-1423.38
-1422.37
-1421.36
-1420.35
-1419.33
-1418.32
-1417.31
-1416.3
-1415.28
-1414.27
-1413.26
-1412.25
-1411.23
-1410.22
-1409.21
-1408.2
-1407.19
-1406.17
-1405.16
-1404.15
-1403.14
-1402.12
-1401.11
-1400.1
-1399.09
-1398.07
-1397.06
-1396.05
-1395.04
-1394.02
-1393.01
-1392
-1390.99
-1389.98
-1388.96
-1387.95
-1386.94
-1385.93
-1384.91
-1383.9
-1382.89
-1381.88
-1380.86
-1379.85
-1378.84
-1377.83
-1376.81
-1375.8
-1374.79
-1373.78
-1372.77
-1371.75
-1370.74
-1369.73
-1368.72
-1367.7
-1366.69
-1365.68
-1364.67
-1363.65
-1362.64
-1361.63
-1360.62
-1359.6
-1358.59
-1357.58
-1356.57
-1355.56
-1354.54
-1353.53
-1352.52
-1351.51
-1350.49
-1349.48
-1348.47
-1347.46
-1346.44
-1345.43
-1344.42
-1343.41
-1342.4
-1341.38
-1340.37
-1339.36
-1338.35
-1337.33
-1336.32
-1335.31
-1334.3
-1333.28
-1332.27
-1331.26
-1330.25
-1329.23
-1328.22
-1327.21
-1326.2
-1325.19
-1324.17
-1323.16
-1322.15
-1321.14
-1320.12
-1319.11
-1318.1
-1317.09
-1316.07
-1315.06
-1314.05
-1313.04
-1312.02
-1311.01
-1310
-1308.99
-1307.98
-1306.96
-1305.95
-1304.94
-1303.93
-1302.91
-1301.9
-1300.89
-1299.88
-1298.86
-1297.85
-1296.84
-1295.83
-1294.81
-1293.8
-1292.79
-1291.78
-1290.77
-1289.75
-1288.74
-1287.73
-1286.72
-1285.7
-1284.69
-1283.68
-1282.67
-1281.65
-1280.64
-1279.63
-1278.62
-1277.6
-1276.59
-1275.58
-1274.57
-1273.56
-1272.54
-1271.53
-1270.52
-1269.51
-1268.49
-1267.48
-1266.47
-1265.46
-1264.44
-1263.43
-1262.42
-1261.41
-1260.4
-1259.38
-1258.37
-1257.36
-1256.35
-1255.33
-1254.32
-1253.31
-1252.3
-1251.28
-1250.27
-1249.26
-1248.25
-1247.23
-1246.22
-1245.21
-1244.2
-1243.19
-1242.17
-1241.16
-1240.15
-1239.14
-1238.12
-1237.11
-1236.1
-1235.09
-1234.07
-1233.06
-1232.05
-1231.04
-1230.02
-1229.01
-1228
-1226.99
-1225.98
-1224.96
-1223.95
-1222.94
-1221.93
-1220.91
-1219.9
-1218.89
-1217.88
-1216.86
-1215.85
-1214.84
-1213.83
-1212.81
-1211.8
-1210.79
-1209.78
-1208.77
-1207.75
-1206.74
-1205.73
-1204.72
-1203.7
-1202.69
-1201.68
-1200.67
-1199.65
-1198.64
-1197.63
-1196.62
-1195.6
-1194.59
-1193.58
-1192.57
-1191.56
-1190.54
-1189.53
-1188.52
-1187.51
-1186.49
-1185.48
-1184.47
-1183.46
-1182.44
-1181.43
-1180.42
-1179.41
-1178.4
-1177.38
-1176.37
-1175.36
-1174.35
-1173.33
-1172.32
-1171.31
-1170.3
-1169.28
-1168.27
-1167.26
-1166.25
-1165.23
-1164.22
-1163.21
-1162.2
-1161.19
-1160.17
-1159.16
-1158.15
-1157.14
-1156.12
-1155.11
-1154.1
-1153.09
-1152.07
-1151.06
-1150.05
-1149.04
-1148.02
-1147.01
-1146
-1144.99
-1143.98
-1142.96
-1141.95
-1140.94
-1139.93
-1138.91
-1137.9
-1136.89
-1135.88
-1134.86
-1133.85
-1132.84
-1131.83
-1130.81
-1129.8
-1128.79
-1127.78
-1126.77
-1125.75
-1124.74
-1123.73
-1122.72
-1121.7
-1120.69
-1119.68
-1118.67
-1117.65
-1116.64
-1115.63
-1114.62
-1113.6
-1112.59
-1111.58
-1110.57
-1109.56
-1108.54
-1107.53
-1106.52
-1105.51
-1104.49
-1103.48
-1102.47
-1101.46
-1100.44
-1099.43
-1098.42
-1097.41
-1096.4
-1095.38
-1094.37
-1093.36
-1092.35
-1091.33
-1090.32
-1089.31
-1088.3
-1087.28
-1086.27
-1085.26
-1084.25
-1083.23
-1082.22
-1081.21
-1080.2
-1079.19
-1078.17
-1077.16
-1076.15
-1075.14
-1074.12
-1073.11
-1072.1
-1071.09
-1070.07
-1069.06
-1068.05
-1067.04
-1066.02
-1065.01
-1064
-1062.99
-1061.98
-1060.96
-1059.95
-1058.94
-1057.93
-1056.91
-1055.9
-1054.89
-1053.88
-1052.86
-1051.85
-1050.84
-1049.83
-1048.81
-1047.8
-1046.79
-1045.78
-1044.77
-1043.75
-1042.74
-1041.73
-1040.72
-1039.7
-1038.69
-1037.68
-1036.67
-1035.65
-1034.64
-1033.63
-1032.62
-1031.6
-1030.59
-1029.58
-1028.57
-1027.56
-1026.54
-1025.53
-1024.52
-1023.51
-1022.49
-1021.48
-1020.47
-1019.46
-1018.44
-1017.43
-1016.42
-1015.41
-1014.4
-1013.38
-1012.37
-1011.36
-1010.35
-1009.33
-1008.32
-1007.31
-1006.3
-1005.28
-1004.27
-1003.26
-1002.25
-1001.23
-1000.22
-999.21
-998.198
-997.185
-996.173
-995.16
-994.148
-993.136
-992.123
-991.111
-990.099
-989.086
-988.074
-987.062
-986.049
-985.037
-984.025
-983.012
-982
-980.988
-979.975
-978.963
-977.951
-976.938
-975.926
-974.914
-973.901
-972.889
-971.877
-970.864
-969.852
-968.84
-967.827
-966.815
-965.802
-964.79
-963.778
-962.765
-961.753
-960.741
-959.728
-958.716
-957.704
-956.691
-955.679
-954.667
-953.654
-952.642
-951.63
-950.617
-949.605
-948.593
-947.58
-946.568
-945.556
-944.543
-943.531
-942.519
-941.506
-940.494
-939.481
-938.469
-937.457
-936.444
-935.432
-934.42
-933.407
-932.395
-931.383
-930.37
-929.358
-928.346
-927.333
-926.321
-925.309
-924.296
-923.284
-922.272
-921.259
-920.247
-919.235
-918.222
-917.21
-916.198
-915.185
-914.173
-913.16
-912.148
-911.136
-910.123
-909.111
-908.099
-907.086
-906.074
-905.062
-904.049
-903.037
-902.025
-901.012
-900
-898.988
-897.975
-896.963
-895.951
-894.938
-893.926
-892.914
-891.901
-890.889
-889.877
-888.864
-887.852
-886.84
-885.827
-884.815
-883.802
-882.79
-881.778
-880.765
-879.753
-878.741
-877.728
-876.716
-875.704
-874.691
-873.679
-872.667
-871.654
-870.642
-869.63
-868.617
-867.605
-866.593
-865.58
-864.568
-863.556
-862.543
-861.531
-860.519
-859.506
-858.494
-857.481
-856.469
-855.457
-854.444
-853.432
-852.42
-851.407
-850.395
-849.383
-848.37
-847.358
-846.346
-845.333
-844.321
-843.309
-842.296
-841.284
-840.272
-839.259
-838.247
-837.235
-836.222
-835.21
-834.198
-833.185
-832.173
-831.16
-830.148
-829.136
-828.123
-827.111
-826.099
-825.086
-824.074
-823.062
-822.049
-821.037
-820.025
-819.012
-818
-816.988
-815.975
-814.963
-813.951
-812.938
-811.926
-810.914
-809.901
-808.889
-807.877
-806.864
-805.852
-804.84
-803.827
-802.815
-801.802
-800.79
-799.778
-798.765
-797.753
-796.741
-795.728
-794.716
-793.704
-792.691
-791.679
-790.667
-789.654
-788.642
-787.63
-786.617
-785.605
-784.593
-783.58
-782.568
-781.556
-780.543
-779.531
-778.519
-777.506
-776.494
-775.481
-774.469
-773.457
-772.444
-771.432
-770.42
-769.407
-768.395
-767.383
-766.37
-765.358
-764.346
-763.333
-762.321
-761.309
-760.296
-759.284
-758.272
-757.259
-756.247
-755.235
-754.222
-753.21
-752.198
-751.185
-750.173
-749.16
-748.148
-747.136
-746.123
-745.111
-744.099
-743.086
-742.074
-741.062
-740.049
-739.037
-738.025
-737.012
-736
-734.988
-733.975
-732.963
-731.951
-730.938
-729.926
-728.914
-727.901
-726.889
-725.877
-724.864
-723.852
-722.84
-721.827
-720.815
-719.802
-718.79
-717.778
-716.765
-715.753
-714.741
-713.728
-712.716
-711.704
-710.691
-709.679
-708.667
-707.654
-706.642
-705.63
-704.617
-703.605
-702.593
-701.58
-700.568
-699.556
-698.543
-697.531
-696.519
-695.506
-694.494
-693.481
-692.469
-691.457
-690.444
-689.432
-688.42
-687.407
-686.395
-685.383
-684.37
-683.358
-682.346
-681.333
-680.321
-679.309
-678.296
-677.284
-676.272
-675.259
-674.247
-673.235
-672.222
-671.21
-670.198
-669.185
-668.173
-667.16
-666.148
-665.136
-664.123
-663.111
-662.099
-661.086
-660.074
-659.062
-658.049
-657.037
-656.025
-655.012
-654
-652.988
-651.975
-650.963
-649.951
-648.938
-647.926
-646.914
-645.901
-644.889
-643.877
-642.864
-641.852
-640.84
-639.827
-638.815
-637.802
-636.79
-635.778
-634.765
-633.753
-632.741
-631.728
-630.716
-629.704
-628.691
-627.679
-626.667
-625.654
-624.642
-623.63
-622.617
-621.605
-620.593
-619.58
-618.568
-617.556
-616.543
-615.531
-614.519
-613.506
-612.494
-611.481
-610.469
-609.457
-608.444
-607.432
-606.42
-605.407
-604.395
-603.383
-602.37
-601.358
-600.346
-599.333
-598.321
-597.309
-596.296
-595.284
-594.272
-593.259
-592.247
-591.235
-590.222
-589.21
-588.198
-587.185
-586.173
-585.16
-584.148
-583.136
-582.123
-581.111
-580.099
-579.086
-578.074
-577.062
-576.049
-575.037
-574.025
-573.012
-572
-570.988
-569.975
-568.963
-567.951
-566.938
-565.926
-564.914
-563.901
-562.889
-561.877
-560.864
-559.852
-558.84
-557.827
-556.815
-555.802
-554.79
-553.778
-552.765
-551.753
-550.741
-549.728
-548.716
-547.704
-546.691
-545.679
-544.667
-543.654
-542.642
-541.63
-540.617
-539.605
-538.593
-537.58
-536.568
-535.556
-534.543
-533.531
-532.519
-531.506
-530.494
-529.481
-528.469
-527.457
-526.444
-525.432
-524.42
-523.407
-522.395
-521.383
-520.37
-519.358
-518.346
-517.333
-516.321
-515.309
-514.296
-513.284
-512.272
-511.259
-510.247
-509.235
-508.222
-507.21
-506.198
-505.185
-504.173
-503.16
-502.148
-501.136
-500.123
-499.111
-498.099
-497.086
-496.074
-495.062
-494.049
-493.037
-492.025
-491.012
-490
-488.988
-487.975
-486.963
-485.951
-484.938
-483.926
-482.914
-481.901
-480.889
-479.877
-478.864
-477.852
-476.84
-475.827
-474.815
-473.802
-472.79
-471.778
-470.765
-469.753
-468.741
-467.728
-466.716
-465.704
-464.691
-463.679
-462.667
-461.654
-460.642
-459.63
-458.617
-457.605
-456.593
-455.58
-454.568
-453.556
-452.543
-451.531
-450.519
-449.506
-448.494
-447.481
-446.469
-445.457
-444.444
-443.432
-442.42
-441.407
-440.395
-439.383
-438.37
-437.358
-436.346
-435.333
-434.321
-433.309
-432.296
-431.284
-430.272
-429.259
-428.247
-427.235
-426.222
-425.21
-424.198
-423.185
-422.173
-421.16
-420.148
-419.136
-418.123
-417.111
-416.099
-415.086
-414.074
-413.062
-412.049
-411.037
-410.025
-409.012
-408
-406.988
-405.975
-404.963
-403.951
-402.938
-401.926
-400.914
-399.901
-398.889
-397.877
-396.864
-395.852
-394.84
-393.827
-392.815
-391.802
-390.79
-389.778
-388.765
-387.753
-386.741
-385.728
-384.716
-383.704
-382.691
-381.679
-380.667
-379.654
-378.642
-377.63
-376.617
-375.605
-374.593
-373.58
-372.568
-371.556
-370.543
-369.531
-368.519
-367.506
-366.494
-365.481
-364.469
-363.457
-362.444
-361.432
-360.42
-359.407
-358.395
-357.383
-356.37
-355.358
-354.346
-353.333
-352.321
-351.309
-350.296
-349.284
-348.272
-347.259
-346.247
-345.235
-344.222
-343.21
-342.198
-341.185
-340.173
-339.16
-338.148
-337.136
-336.123
-335.111
-334.099
-333.086
-332.074
-331.062
-330.049
-329.037
-328.025
-327.012
-326
-324.988
-323.975
-322.963
-321.951
-320.938
-319.926
-318.914
-317.901
-316.889
-315.877
-314.864
-313.852
-312.84
-311.827
-310.815
-309.802
-308.79
-307.778
-306.765
-305.753
-304.741
-303.728
-302.716
-301.704
-300.691
-299.679
-298.667
-297.654
-296.642
-295.63
-294.617
-293.605
-292.593
-291.58
-290.568
-289.556
-288.543
-287.531
-286.519
-285.506
-284.494
-283.481
-282.469
-281.457
-280.444
-279.432
-278.42
-277.407
-276.395
-275.383
-274.37
-273.358
-272.346
-271.333
-270.321
-269.309
-268.296
-267.284
-266.272
-265.259
-264.247
-263.235
-262.222
-261.21
-260.198
-259.185
-258.173
-257.16
-256.148
-255.136
-254.123
-253.111
-252.099
-251.086
-250.074
-249.062
-248.049
-247.037
-246.025
-245.012
-244
-242.988
-241.975
-240.963
-239.951
-238.938
-237.926
-236.914
-235.901
-234.889
-233.877
-232.864
-231.852
-230.84
-229.827
-228.815
-227.802
-226.79
-225.778
-224.765
-223.753
-222.741
-221.728
-220.716
-219.704
-218.691
-217.679
-216.667
-215.654
-214.642
-213.63
-212.617
-211.605
-210.593
-209.58
-208.568
-207.556
-206.543
-205.531
-204.519
-203.506
-202.494
-201.481
-200.469
-199.457
-198.444
-197.432
-196.42
-195.407
-194.395
-193.383
-192.37
-191.358
-190.346
-189.333
-188.321
-187.309
-186.296
-185.284
-184.272
-183.259
-182.247
-181.235
-180.222
-179.21
-178.198
-177.185
-176.173
-175.16
-174.148
-173.136
-172.123
-171.111
-170.099
-169.086
-168.074
-167.062
-166.049
-165.037
-164.025
-163.012
-162
-160.988
-159.975
-158.963
-157.951
-156.938
-155.926
-154.914
-153.901
-152.889
-151.877
-150.864
-149.852
-148.84
-147.827
-146.815
-145.802
-144.79
-143.778
-142.765
-141.753
-140.741
-139.728
-138.716
-137.704
-136.691
-135.679
-134.667
-133.654
-132.642
-131.63
-130.617
-129.605
-128.593
-127.58
-126.568
-125.556
-124.543
-123.531
-122.519
-121.506
-120.494
-119.481
-118.469
-117.457
-116.444
-115.432
-114.42
-113.407
-112.395
-111.383
-110.37
-109.358
-108.346
-107.333
-106.321
-105.309
-104.296
-103.284
-102.272
-101.259
-100.247
-99.2346
-98.2222
-97.2099
-96.1975
-95.1852
-94.1728
-93.1605
-92.1481
-91.1358
-90.1235
-89.1111
-88.0988
-87.0864
-86.0741
-85.0617
-84.0494
-83.037
-82.0247
-81.0123
-80
-78.9877
-77.9753
-76.963
-75.9506
-74.9383
-73.9259
-72.9136
-71.9012
-70.8889
-69.8765
-68.8642
-67.8519
-66.8395
-65.8272
-64.8148
-63.8025
-62.7901
-61.7778
-60.7654
-59.7531
-58.7407
-57.7284
-56.716
-55.7037
-54.6914
-53.679
-52.6667
-51.6543
-50.642
-49.6296
-48.6173
-47.6049
-46.5926
-45.5802
-44.5679
-43.5556
-42.5432
-41.5309
-40.5185
-39.5062
-38.4938
-37.4815
-36.4691
-35.4568
-34.4444
-33.4321
-32.4198
-31.4074
-30.3951
-29.3827
-28.3704
-27.358
-26.3457
-25.3333
-24.321
-23.3086
-22.2963
-21.284
-20.2716
-19.2593
-18.2469
-17.2346
-16.2222
-15.2099
-14.1975
-13.1852
-12.1728
-11.1605
-10.1481
-9.1358
-8.12346
-7.11111
-6.09877
-5.08642
-4.07407
-3.06173
-2.04938
-1.03704
-0.0246919
0.987654
2
3.01235
4.02469
5.03704
6.04938
7.06173
8.07407
9.08642
10.0988
11.1111
12.1235
13.1358
14.1481
15.1605
16.1728
17.1852
18.1975
19.2099
20.2222
21.2346
22.2469
23.2593
24.2716
25.284
26.2963
27.3086
28.321
29.3333
30.3457
31.358
32.3704
33.3827
34.3951
35.4074
36.4198
37.4321
38.4444
39.4568
40.4691
41.4815
42.4938
43.5062
44.5185
45.5309
46.5432
47.5556
48.5679
49.5802
50.5926
51.6049
52.6173
53.6296
54.642
55.6543
56.6667
57.679
58.6914
59.7037
60.716
61.7284
62.7407
63.7531
64.7654
65.7778
66.7901
67.8025
68.8148
69.8272
70.8395
71.8519
72.8642
73.8765
74.8889
75.9012
76.9136
77.9259
78.9383
79.9506
80.963
81.9753
82.9877
84
85.0123
86.0247
87.037
88.0494
89.0617
90.0741
91.0864
92.0988
93.1111
94.1235
95.1358
96.1481
97.1605
98.1728
99.1852
100.198
101.21
102.222
103.235
104.247
105.259
106.272
107.284
108.296
109.309
110.321
111.333
112.346
113.358
114.37
115.383
116.395
117.407
118.42
119.432
120.444
121.457
122.469
123.481
124.494
125.506
126.519
127.531
128.543
129.556
130.568
131.58
132.593
133.605
134.617
135.63
136.642
137.654
138.667
139.679
140.691
141.704
142.716
143.728
144.741
145.753
146.765
147.778
148.79
149.802
150.815
151.827
152.84
153.852
154.864
155.877
156.889
157.901
158.914
159.926
160.938
161.951
162.963
163.975
164.988
166
167.012
168.025
169.037
170.049
171.062
172.074
173.086
174.099
175.111
176.123
177.136
178.148
179.16
180.173
181.185
182.198
183.21
184.222
185.235
186.247
187.259
188.272
189.284
190.296
191.309
192.321
193.333
194.346
195.358
196.37
197.383
198.395
199.407
200.42
201.432
202.444
203.457
204.469
205.481
206.494
207.506
208.519
209.531
210.543
211.556
212.568
213.58
214.593
215.605
216.617
217.63
218.642
219.654
220.667
221.679
222.691
223.704
224.716
225.728
226.741
227.753
228.765
229.778
230.79
231.802
232.815
233.827
234.84
235.852
236.864
237.877
238.889
239.901
240.914
241.926
242.938
243.951
244.963
245.975
246.988
248
249.012
250.025
251.037
252.049
253.062
254.074
255.086
256.099
257.111
258.123
259.136
260.148
261.16
262.173
263.185
264.198
265.21
266.222
267.235
268.247
269.259
270.272
271.284
272.296
273.309
274.321
275.333
276.346
277.358
278.37
279.383
280.395
281.407
282.42
283.432
284.444
285.457
286.469
287.481
288.494
289.506
290.519
291.531
292.543
293.556
294.568
295.58
296.593
297.605
298.617
299.63
300.642
301.654
302.667
303.679
304.691
305.704
306.716
307.728
308.741
309.753
310.765
311.778
312.79
313.802
314.815
315.827
316.84
317.852
318.864
319.877
320.889
321.901
322.914
323.926
324.938
325.951
326.963
327.975
328.988
330
331.012
332.025
333.037
334.049
335.062
336.074
337.086
338.099
339.111
340.123
341.136
342.148
343.16
344.173
345.185
346.198
347.21
348.222
349.235
350.247
351.259
352.272
353.284
354.296
355.309
356.321
357.333
358.346
359.358
360.37
361.383
362.395
363.407
364.42
365.432
366.444
367.457
368.469
369.481
370.494
371.506
372.519
373.531
374.543
375.556
376.568
377.58
378.593
379.605
380.617
381.63
382.642
383.654
384.667
385.679
386.691
387.704
388.716
389.728
390.741
391.753
392.765
393.778
394.79
395.802
396.815
397.827
398.84
399.852
400.864
401.877
402.889
403.901
404.914
405.926
406.938
407.951
408.963
409.975
410.988
412
413.012
414.025
415.037
416.049
417.062
418.074
419.086
420.099
421.111
422.123
423.136
424.148
425.16
426.173
427.185
428.198
429.21
430.222
431.235
432.247
433.259
434.272
435.284
436.296
437.309
438.321
439.333
440.346
441.358
442.37
443.383
444.395
445.407
446.42
447.432
448.444
449.457
450.469
451.481
452.494
453.506
454.519
455.531
456.543
457.556
458.568
459.58
460.593
461.605
462.617
463.63
464.642
465.654
466.667
467.679
468.691
469.704
470.716
471.728
472.741
473.753
474.765
475.778
476.79
477.802
478.815
479.827
480.84
481.852
482.864
483.877
484.889
485.901
486.914
487.926
488.938
489.951
490.963
491.975
492.988
494
495.012
496.025
497.037
498.049
499.062
500.074
501.086
502.099
503.111
504.123
505.136
506.148
507.16
508.173
509.185
510.198
511.21
512.222
513.235
514.247
515.259
516.272
517.284
518.296
519.309
520.321
521.333
522.346
523.358
524.37
525.383
526.395
527.407
528.42
529.432
530.444
531.457
532.469
533.481
534.494
535.506
536.519
537.531
538.543
539.556
540.568
541.58
542.593
543.605
544.617
545.63
546.642
547.654
548.667
549.679
550.691
551.704
552.716
553.728
554.741
555.753
556.765
557.778
558.79
559.802
560.815
561.827
562.84
563.852
564.864
565.877
566.889
567.901
568.914
569.926
570.938
571.951
572.963
573.975
574.988
576
577.012
578.025
579.037
580.049
581.062
582.074
583.086
584.099
585.111
586.123
587.136
588.148
589.16
590.173
591.185
592.198
593.21
594.222
595.235
596.247
597.259
598.272
599.284
600.296
601.309
602.321
603.333
604.346
605.358
606.37
607.383
608.395
609.407
610.42
611.432
612.444
613.457
614.469
615.481
616.494
617.506
618.519
619.531
620.543
621.556
622.568
623.58
624.593
625.605
626.617
627.63
628.642
629.654
630.667
631.679
632.691
633.704
634.716
635.728
636.741
637.753
638.765
639.778
640.79
641.802
642.815
643.827
644.84
645.852
646.864
647.877
648.889
649.901
650.914
651.926
652.938
653.951
654.963
655.975
656.988
658
659.012
660.025
661.037
662.049
663.062
664.074
665.086
666.099
667.111
668.123
669.136
670.148
671.16
672.173
673.185
674.198
675.21
676.222
677.235
678.247
679.259
680.272
681.284
682.296
683.309
684.321
685.333
686.346
687.358
688.37
689.383
690.395
691.407
692.42
693.432
694.444
695.457
696.469
697.481
698.494
699.506
700.519
701.531
702.543
703.556
704.568
705.58
706.593
707.605
708.617
709.63
710.642
711.654
712.667
713.679
714.691
715.704
716.716
717.728
718.741
719.753
720.765
721.778
722.79
723.802
724.815
725.827
726.84
727.852
728.864
729.877
730.889
731.901
732.914
733.926
734.938
735.951
736.963
737.975
738.988
740
741.012
742.025
743.037
744.049
745.062
746.074
747.086
748.099
749.111
750.123
751.136
752.148
753.16
754.173
755.185
756.198
757.21
758.222
759.235
760.247
761.259
762.272
763.284
764.296
765.309
766.321
767.333
768.346
769.358
770.37
771.383
772.395
773.407
774.42
775.432
776.444
777.457
778.469
779.481
780.494
781.506
782.519
783.531
784.543
785.556
786.568
787.58
788.593
789.605
790.617
791.63
792.642
793.654
794.667
795.679
796.691
797.704
798.716
799.728
800.741
801.753
802.765
803.778
804.79
805.802
806.815
807.827
808.84
809.852
810.864
811.877
812.889
813.901
814.914
815.926
816.938
817.951
818.963
819.975
820.988
822
823.012
824.025
825.037
826.049
827.062
828.074
829.086
830.099
831.111
832.123
833.136
834.148
835.16
836.173
837.185
838.198
839.21
840.222
841.235
842.247
843.259
844.272
845.284
846.296
847.309
848.321
849.333
850.346
851.358
852.37
853.383
854.395
855.407
856.42
857.432
858.444
859.457
860.469
861.481
862.494
863.506
864.519
865.531
866.543
867.556
868.568
869.58
870.593
871.605
872.617
873.63
874.642
875.654
876.667
877.679
878.691
879.704
880.716
881.728
882.741
883.753
884.765
885.778
886.79
887.802
888.815
889.827
890.84
891.852
892.864
893.877
894.889
895.901
896.914
897.926
898.938
899.951
900.963
901.975
902.988
904
905.012
906.025
907.037
908.049
909.062
910.074
911.086
912.099
913.111
914.123
915.136
916.148
917.16
918.173
919.185
920.198
921.21
922.222
923.235
924.247
925.259
926.272
927.284
928.296
929.309
930.321
931.333
932.346
933.358
934.37
935.383
936.395
937.407
938.42
939.432
940.444
941.457
942.469
943.481
944.494
945.506
946.519
947.531
948.543
949.556
950.568
951.58
952.593
953.605
954.617
955.63
956.642
957.654
958.667
959.679
960.691
961.704
962.716
963.728
964.741
965.753
966.765
967.778
968.79
969.802
970.815
971.827
972.84
973.852
974.864
975.877
976.889
977.901
978.914
979.926
980.938
981.951
982.963
983.975
984.988
986
987.012
988.025
989.037
990.049
991.062
992.074
993.086
994.099
995.111
996.123
997.136
998.148
999.16
1000.17
1001.19
1002.2
1003.21
1004.22
1005.23
1006.25
1007.26
1008.27
1009.28
1010.3
1011.31
1012.32
1013.33
1014.35
1015.36
1016.37
1017.38
1018.4
1019.41
1020.42
1021.43
1022.44
1023.46
1024.47
1025.48
1026.49
1027.51
1028.52
1029.53
1030.54
1031.56
1032.57
1033.58
1034.59
1035.6
1036.62
1037.63
1038.64
1039.65
1040.67
1041.68
1042.69
1043.7
1044.72
1045.73
1046.74
1047.75
1048.77
1049.78
1050.79
1051.8
1052.81
1053.83
1054.84
1055.85
1056.86
1057.88
1058.89
1059.9
1060.91
1061.93
1062.94
1063.95
1064.96
1065.98
1066.99
1068
1069.01
1070.02
1071.04
1072.05
1073.06
1074.07
1075.09
1076.1
1077.11
1078.12
1079.14
1080.15
1081.16
1082.17
1083.19
1084.2
1085.21
1086.22
1087.23
1088.25
1089.26
1090.27
1091.28
1092.3
1093.31
1094.32
1095.33
1096.35
1097.36
1098.37
1099.38
1100.4
1101.41
1102.42
1103.43
1104.44
1105.46
1106.47
1107.48
1108.49
1109.51
1110.52
1111.53
1112.54
1113.56
1114.57
1115.58
1116.59
1117.6
1118.62
1119.63
1120.64
1121.65
1122.67
1123.68
1124.69
1125.7
1126.72
1127.73
1128.74
1129.75
1130.77
1131.78
1132.79
1133.8
1134.81
1135.83
1136.84
1137.85
1138.86
1139.88
1140.89
1141.9
1142.91
1143.93
1144.94
1145.95
1146.96
1147.98
1148.99
1150
1151.01
1152.02
1153.04
1154.05
1155.06
1156.07
1157.09
1158.1
1159.11
1160.12
1161.14
1162.15
1163.16
1164.17
1165.19
1166.2
1167.21
1168.22
1169.23
1170.25
1171.26
1172.27
1173.28
1174.3
1175.31
1176.32
1177.33
1178.35
1179.36
1180.37
1181.38
1182.4
1183.41
1184.42
1185.43
1186.44
1187.46
1188.47
1189.48
1190.49
1191.51
1192.52
1193.53
1194.54
1195.56
1196.57
1197.58
1198.59
1199.6
1200.62
1201.63
1202.64
1203.65
1204.67
1205.68
1206.69
1207.7
1208.72
1209.73
1210.74
1211.75
1212.77
1213.78
1214.79
1215.8
1216.81
1217.83
1218.84
1219.85
1220.86
1221.88
1222.89
1223.9
1224.91
1225.93
1226.94
1227.95
1228.96
1229.98
1230.99
1232
1233.01
1234.02
1235.04
1236.05
1237.06
1238.07
1239.09
1240.1
1241.11
1242.12
1243.14
1244.15
1245.16
1246.17
1247.19
1248.2
1249.21
1250.22
1251.23
1252.25
1253.26
1254.27
1255.28
1256.3
1257.31
1258.32
1259.33
1260.35
1261.36
1262.37
1263.38
1264.4
1265.41
1266.42
1267.43
1268.44
1269.46
1270.47
1271.48
1272.49
1273.51
1274.52
1275.53
1276.54
1277.56
1278.57
1279.58
1280.59
1281.6
1282.62
1283.63
1284.64
1285.65
1286.67
1287.68
1288.69
1289.7
1290.72
1291.73
1292.74
1293.75
1294.77
1295.78
1296.79
1297.8
1298.81
1299.83
1300.84
1301.85
1302.86
1303.88
1304.89
1305.9
1306.91
1307.93
1308.94
1309.95
1310.96
1311.98
1312.99
1314
1315.01
1316.02
1317.04
1318.05
1319.06
1320.07
1321.09
1322.1
1323.11
1324.12
1325.14
1326.15
1327.16
1328.17
1329.19
1330.2
1331.21
1332.22
1333.23
1334.25
1335.26
1336.27
1337.28
1338.3
1339.31
1340.32
1341.33
1342.35
1343.36
1344.37
1345.38
1346.4
1347.41
1348.42
1349.43
1350.44
1351.46
1352.47
1353.48
1354.49
1355.51
1356.52
1357.53
1358.54
1359.56
1360.57
1361.58
1362.59
1363.6
1364.62
1365.63
1366.64
1367.65
1368.67
1369.68
1370.69
1371.7
1372.72
1373.73
1374.74
1375.75
1376.77
1377.78
1378.79
1379.8
1380.81
1381.83
1382.84
1383.85
1384.86
1385.88
1386.89
1387.9
1388.91
1389.93
1390.94
1391.95
1392.96
1393.98
1394.99
1396
1397.01
1398.02
1399.04
1400.05
1401.06
1402.07
1403.09
1404.1
1405.11
1406.12
1407.14
1408.15
1409.16
1410.17
1411.19
1412.2
1413.21
1414.22
1415.23
1416.25
1417.26
1418.27
1419.28
1420.3
1421.31
1422.32
1423.33
1424.35
1425.36
1426.37
1427.38
1428.4
1429.41
1430.42
1431.43
1432.44
1433.46
1434.47
1435.48
1436.49
1437.51
1438.52
1439.53
1440.54
1441.56
1442.57
1443.58
1444.59
1445.6
1446.62
1447.63
1448.64
1449.65
1450.67
1451.68
1452.69
1453.7
1454.72
1455.73
1456.74
1457.75
1458.77
1459.78
1460.79
1461.8
1462.81
1463.83
1464.84
1465.85
1466.86
1467.88
1468.89
1469.9
1470.91
1471.93
1472.94
1473.95
1474.96
1475.98
1476.99
1478
1479.01
1480.02
1481.04
1482.05
1483.06
1484.07
1485.09
1486.1
1487.11
1488.12
1489.14
1490.15
1491.16
1492.17
1493.19
1494.2
1495.21
1496.22
1497.23
1498.25
1499.26
1500.27
1501.28
1502.3
1503.31
1504.32
1505.33
1506.35
1507.36
1508.37
1509.38
1510.4
1511.41
1512.42
1513.43
1514.44
1515.46
1516.47
1517.48
1518.49
1519.51
1520.52
1521.53
1522.54
1523.56
1524.57
1525.58
1526.59
1527.6
1528.62
1529.63
1530.64
1531.65
1532.67
1533.68
1534.69
1535.7
1536.72
1537.73
1538.74
1539.75
1540.77
1541.78
1542.79
1543.8
1544.81
1545.83
1546.84
1547.85
1548.86
1549.88
1550.89
1551.9
1552.91
1553.93
1554.94
1555.95
1556.96
1557.98
1558.99
1560
1561.01
1562.02
1563.04
1564.05
1565.06
1566.07
1567.09
1568.1
1569.11
1570.12
1571.14
1572.15
1573.16
1574.17
1575.19
1576.2
1577.21
1578.22
1579.23
1580.25
1581.26
1582.27
1583.28
1584.3
1585.31
1586.32
1587.33
1588.35
1589.36
1590.37
1591.38
1592.4
1593.41
1594.42
1595.43
1596.44
1597.46
1598.47
1599.48
1600.49
1601.51
1602.52
1603.53
1604.54
1605.56
1606.57
1607.58
1608.59
1609.6
1610.62
1611.63
1612.64
1613.65
1614.67
1615.68
1616.69
1617.7
1618.72
1619.73
1620.74
1621.75
1622.77
1623.78
1624.79
1625.8
1626.81
1627.83
1628.84
1629.85
1630.86
1631.88
1632.89
1633.9
1634.91
1635.93
1636.94
1637.95
1638.96
1639.98
1640.99
1642
1643.01
1644.02
1645.04
1646.05
1647.06
1648.07
1649.09
1650.1
1651.11
1652.12
1653.14
1654.15
1655.16
1656.17
1657.19
1658.2
1659.21
1660.22
1661.23
1662.25
1663.26
1664.27
1665.28
1666.3
1667.31
1668.32
1669.33
1670.35
1671.36
1672.37
1673.38
1674.4
1675.41
1676.42
1677.43
1678.44
1679.46
1680.47
1681.48
1682.49
1683.51
1684.52
1685.53
1686.54
1687.56
1688.57
1689.58
1690.59
1691.6
1692.62
1693.63
1694.64
1695.65
1696.67
1697.68
1698.69
1699.7
1700.72
1701.73
1702.74
1703.75
1704.77
1705.78
1706.79
1707.8
1708.81
1709.83
1710.84
1711.85
1712.86
1713.88
1714.89
1715.9
1716.91
1717.93
1718.94
1719.95
1720.96
1721.98
1722.99
1724
1725.01
1726.02
1727.04
1728.05
1729.06
1730.07
1731.09
1732.1
1733.11
1734.12
1735.14
1736.15
1737.16
1738.17
1739.19
1740.2
1741.21
1742.22
1743.23
1744.25
1745.26
1746.27
1747.28
1748.3
1749.31
1750.32
1751.33
1752.35
1753.36
1754.37
1755.38
1756.4
1757.41
1758.42
1759.43
1760.44
1761.46
1762.47
1763.48
1764.49
1765.51
1766.52
1767.53
1768.54
1769.56
1770.57
1771.58
1772.59
1773.6
1774.62
1775.63
1776.64
1777.65
1778.67
1779.68
1780.69
1781.7
1782.72
1783.73
1784.74
1785.75
1786.77
1787.78
1788.79
1789.8
1790.81
1791.83
1792.84
1793.85
1794.86
1795.88
1796.89
1797.9
1798.91
1799.93
1800.94
1801.95
1802.96
1803.98
1804.99
1806
1807.01
1808.02
1809.04
1810.05
1811.06
1812.07
1813.09
1814.1
1815.11
1816.12
1817.14
1818.15
1819.16
1820.17
1821.19
1822.2
1823.21
1824.22
1825.23
1826.25
1827.26
1828.27
1829.28
1830.3
1831.31
1832.32
1833.33
1834.35
1835.36
1836.37
1837.38
1838.4
1839.41
1840.42
1841.43
1842.44
1843.46
1844.47
1845.48
1846.49
1847.51
1848.52
1849.53
1850.54
1851.56
1852.57
1853.58
1854.59
1855.6
1856.62
1857.63
1858.64
1859.65
1860.67
1861.68
1862.69
1863.7
1864.72
1865.73
1866.74
1867.75
1868.77
1869.78
1870.79
1871.8
1872.81
1873.83
1874.84
1875.85
1876.86
1877.88
1878.89
1879.9
1880.91
1881.93
1882.94
1883.95
1884.96
1885.98
1886.99
1888
1889.01
1890.02
1891.04
1892.05
1893.06
1894.07
1895.09
1896.1
1897.11
1898.12
1899.14
1900.15
1901.16
1902.17
1903.19
1904.2
1905.21
1906.22
1907.23
1908.25
1909.26
1910.27
1911.28
1912.3
1913.31
1914.32
1915.33
1916.35
1917.36
1918.37
1919.38
1920.4
1921.41
1922.42
1923.43
1924.44
1925.46
1926.47
1927.48
1928.49
1929.51
1930.52
1931.53
1932.54
1933.56
1934.57
1935.58
1936.59
1937.6
1938.62
1939.63
1940.64
1941.65
1942.67
1943.68
1944.69
1945.7
1946.72
1947.73
1948.74
1949.75
1950.77
1951.78
1952.79
1953.8
1954.81
1955.83
1956.84
1957.85
1958.86
1959.88
1960.89
1961.9
1962.91
1963.93
1964.94
1965.95
1966.96
1967.98
1968.99
1970
1971.01
1972.02
1973.04
1974.05
1975.06
1976.07
1977.09
1978.1
1979.11
1980.12
1981.14
1982.15
1983.16
1984.17
1985.19
1986.2
1987.21
1988.22
1989.23
1990.25
1991.26
1992.27
1993.28
1994.3
1995.31
1996.32
1997.33
1998.35
1999.36
2000.37
2001.38
2002.4
2003.41
2004.42
2005.43
2006.44
2007.46
2008.47
2009.48
2010.49
2011.51
2012.52
2013.53
2014.54
2015.56
2016.57
2017.58
2018.59
2019.6
2020.62
2021.63
2022.64
2023.65
2024.67
2025.68
2026.69
2027.7
2028.72
2029.73
2030.74
2031.75
2032.77
2033.78
2034.79
2035.8
2036.81
2037.83
2038.84
2039.85
2040.86
2041.88
2042.89
2043.9
2044.91
2045.93
2046.94
2047.95
2048.96
2049.98
2050.99
2052
2053.01
2054.02
2055.04
2056.05
2057.06
2058.07
2059.09
2060.1
2061.11
2062.12
2063.14
2064.15
2065.16
2066.17
2067.19
2068.2
2069.21
2070.22
2071.23
2072.25
2073.26
2074.27
2075.28
2076.3
2077.31
2078.32
2079.33
2080.35
2081.36
2082.37
2083.38
2084.4
2085.41
2086.42
2087.43
2088.44
2089.46
2090.47
2091.48
2092.49
2093.51
2094.52
2095.53
2096.54
2097.56
2098.57
2099.58
2100.59
2101.6
2102.62
2103.63
2104.64
2105.65
2106.67
2107.68
2108.69
2109.7
2110.72
2111.73
2112.74
2113.75
2114.77
2115.78
2116.79
2117.8
2118.81
2119.83
2120.84
2121.85
2122.86
2123.88
2124.89
2125.9
2126.91
2127.93
2128.94
2129.95
2130.96
2131.98
2132.99
2134
2135.01
2136.02
2137.04
2138.05
2139.06
2140.07
2141.09
2142.1
2143.11
2144.12
2145.14
2146.15
2147.16
2148.17
2149.19
2150.2
2151.21
2152.22
2153.23
2154.25
2155.26
2156.27
2157.28
2158.3
2159.31
2160.32
2161.33
2162.35
2163.36
2164.37
2165.38
2166.4
2167.41
2168.42
2169.43
2170.44
2171.46
2172.47
2173.48
2174.49
2175.51
2176.52
2177.53
2178.54
2179.56
2180.57
2181.58
2182.59
2183.6
2184.62
2185.63
2186.64
2187.65
2188.67
2189.68
2190.69
2191.7
2192.72
2193.73
2194.74
2195.75
2196.77
2197.78
2198.79
2199.8
2200.81
2201.83
2202.84
2203.85
2204.86
2205.88
2206.89
2207.9
2208.91
2209.93
2210.94
2211.95
2212.96
2213.98
2214.99
2216
2217.01
2218.02
2219.04
2220.05
2221.06
2222.07
2223.09
2224.1
2225.11
2226.12
2227.14
2228.15
2229.16
2230.17
2231.19
2232.2
2233.21
2234.22
2235.23
2236.25
2237.26
2238.27
2239.28
2240.3
2241.31
2242.32
2243.33
2244.35
2245.36
2246.37
2247.38
2248.4
2249.41
2250.42
2251.43
2252.44
2253.46
2254.47
2255.48
2256.49
2257.51
2258.52
2259.53
2260.54
2261.56
2262.57
2263.58
2264.59
2265.6
2266.62
2267.63
2268.64
2269.65
2270.67
2271.68
2272.69
2273.7
2274.72
2275.73
2276.74
2277.75
2278.77
2279.78
2280.79
2281.8
2282.81
2283.83
2284.84
2285.85
2286.86
2287.88
2288.89
2289.9
2290.91
2291.93
2292.94
2293.95
2294.96
2295.98
2296.99
2298
2299.01
2300.02
2301.04
2302.05
2303.06
2304.07
2305.09
2306.1
2307.11
2308.12
2309.14
2310.15
2311.16
2312.17
2313.19
2314.2
2315.21
2316.22
2317.23
2318.25
2319.26
2320.27
2321.28
2322.3
2323.31
2324.32
2325.33
2326.35
2327.36
2328.37
2329.38
2330.4
2331.41
2332.42
2333.43
2334.44
2335.46
2336.47
2337.48
2338.49
2339.51
2340.52
2341.53
2342.54
2343.56
2344.57
2345.58
2346.59
2347.6
2348.62
2349.63
2350.64
2351.65
2352.67
2353.68
2354.69
2355.7
2356.72
2357.73
2358.74
2359.75
2360.77
2361.78
2362.79
2363.8
2364.81
2365.83
2366.84
2367.85
2368.86
2369.88
2370.89
2371.9
2372.91
2373.93
2374.94
2375.95
2376.96
2377.98
2378.99
2380
2381.01
2382.02
2383.04
2384.05
2385.06
2386.07
2387.09
2388.1
2389.11
2390.12
2391.14
2392.15
2393.16
2394.17
2395.19
2396.2
2397.21
2398.22
2399.23
2400.25
2401.26
2402.27
2403.28
2404.3
2405.31
2406.32
2407.33
2408.35
2409.36
2410.37
2411.38
2412.4
2413.41
2414.42
2415.43
2416.44
2417.46
2418.47
2419.48
2420.49
2421.51
2422.52
2423.53
2424.54
2425.56
2426.57
2427.58
2428.59
2429.6
2430.62
2431.63
2432.64
2433.65
2434.67
2435.68
2436.69
2437.7
2438.72
2439.73
2440.74
2441.75
2442.77
2443.78
2444.79
2445.8
2446.81
2447.83
2448.84
2449.85
2450.86
2451.88
2452.89
2453.9
2454.91
2455.93
2456.94
2457.95
2458.96
2459.98
2460.99
2462
2463.01
2464.02
2465.04
2466.05
2467.06
2468.07
2469.09
2470.1
2471.11
2472.12
2473.14
2474.15
2475.16
2476.17
2477.19
2478.2
2479.21
2480.22
2481.23
2482.25
2483.26
2484.27
2485.28
2486.3
2487.31
2488.32
2489.33
2490.35
2491.36
2492.37
2493.38
2494.4
2495.41
2496.42
2497.43
2498.44
2499.46
2500.47
2501.48
2502.49
2503.51
2504.52
2505.53
2506.54
2507.56
2508.57
2509.58
2510.59
2511.6
2512.62
2513.63
2514.64
2515.65
2516.67
2517.68
2518.69
2519.7
2520.72
2521.73
2522.74
2523.75
2524.77
2525.78
2526.79
2527.8
2528.81
2529.83
2530.84
2531.85
2532.86
2533.88
2534.89
2535.9
2536.91
2537.93
2538.94
2539.95
2540.96
2541.98
2542.99
2544
2545.01
2546.02
2547.04
2548.05
2549.06
2550.07
2551.09
2552.1
2553.11
2554.12
2555.14
2556.15
2557.16
2558.17
2559.19
2560.2
2561.21
2562.22
2563.23
2564.25
2565.26
2566.27
2567.28
2568.3
2569.31
2570.32
2571.33
2572.35
2573.36
2574.37
2575.38
2576.4
2577.41
2578.42
2579.43
2580.44
2581.46
2582.47
2583.48
2584.49
2585.51
2586.52
2587.53
2588.54
2589.56
2590.57
2591.58
2592.59
2593.6
2594.62
2595.63
2596.64
2597.65
2598.67
2599.68
2600.69
2601.7
2602.72
2603.73
2604.74
2605.75
2606.77
2607.78
2608.79
2609.8
2610.81
2611.83
2612.84
2613.85
2614.86
2615.88
2616.89
2617.9
2618.91
2619.93
2620.94
2621.95
2622.96
2623.98
2624.99
2626
2627.01
2628.02
2629.04
2630.05
2631.06
2632.07
2633.09
2634.1
2635.11
2636.12
2637.14
2638.15
2639.16
2640.17
2641.19
2642.2
2643.21
2644.22
2645.23
2646.25
2647.26
2648.27
2649.28
2650.3
2651.31
2652.32
2653.33
2654.35
2655.36
2656.37
2657.38
2658.4
2659.41
2660.42
2661.43
2662.44
2663.46
2664.47
2665.48
2666.49
2667.51
2668.52
2669.53
2670.54
2671.56
2672.57
2673.58
2674.59
2675.6
2676.62
2677.63
2678.64
2679.65
2680.67
2681.68
2682.69
2683.7
2684.72
2685.73
2686.74
2687.75
2688.77
2689.78
2690.79
2691.8
2692.81
2693.83
2694.84
2695.85
2696.86
2697.88
2698.89
2699.9
2700.91
2701.93
2702.94
2703.95
2704.96
2705.98
2706.99
2708
2709.01
2710.02
2711.04
2712.05
2713.06
2714.07
2715.09
2716.1
2717.11
2718.12
2719.14
2720.15
2721.16
2722.17
2723.19
2724.2
2725.21
2726.22
2727.23
2728.25
2729.26
2730.27
2731.28
2732.3
2733.31
2734.32
2735.33
2736.35
2737.36
2738.37
2739.38
2740.4
2741.41
2742.42
2743.43
2744.44
2745.46
2746.47
2747.48
2748.49
2749.51
2750.52
2751.53
2752.54
2753.56
2754.57
2755.58
2756.59
2757.6
2758.62
2759.63
2760.64
2761.65
2762.67
2763.68
2764.69
2765.7
2766.72
2767.73
2768.74
2769.75
2770.77
2771.78
2772.79
2773.8
2774.81
2775.83
2776.84
2777.85
2778.86
2779.88
2780.89
2781.9
2782.91
2783.93
2784.94
2785.95
2786.96
2787.98
2788.99
2790
2791.01
2792.02
2793.04
2794.05
2795.06
2796.07
2797.09
2798.1
2799.11
2800.12
2801.14
2802.15
2803.16
2804.17
2805.19
2806.2
2807.21
2808.22
2809.23
2810.25
2811.26
2812.27
2813.28
2814.3
2815.31
2816.32
2817.33
2818.35
2819.36
2820.37
2821.38
2822.4
2823.41
2824.42
2825.43
2826.44
2827.46
2828.47
2829.48
2830.49
2831.51
2832.52
2833.53
2834.54
2835.56
2836.57
2837.58
2838.59
2839.6
2840.62
2841.63
2842.64
2843.65
2844.67
2845.68
2846.69
2847.7
2848.72
2849.73
2850.74
2851.75
2852.77
2853.78
2854.79
2855.8
2856.81
2857.83
2858.84
2859.85
2860.86
2861.88
2862.89
2863.9
2864.91
2865.93
2866.94
2867.95
2868.96
2869.98
2870.99
2872
2873.01
2874.02
2875.04
2876.05
2877.06
2878.07
2879.09
2880.1
2881.11
2882.12
2883.14
2884.15
2885.16
2886.17
2887.19
2888.2
2889.21
2890.22
2891.23
2892.25
2893.26
2894.27
2895.28
2896.3
2897.31
2898.32
2899.33
2900.35
2901.36
2902.37
2903.38
2904.4
2905.41
2906.42
2907.43
2908.44
2909.46
2910.47
2911.48
2912.49
2913.51
2914.52
2915.53
2916.54
2917.56
2918.57
2919.58
2920.59
2921.6
2922.62
2923.63
2924.64
2925.65
2926.67
2927.68
2928.69
2929.7
2930.72
2931.73
2932.74
2933.75
2934.77
2935.78
2936.79
2937.8
2938.81
2939.83
2940.84
2941.85
2942.86
2943.88
2944.89
2945.9
2946.91
2947.93
2948.94
2949.95
2950.96
2951.98
2952.99
2954
2955.01
2956.02
2957.04
2958.05
2959.06
2960.07
2961.09
2962.1
2963.11
2964.12
2965.14
2966.15
2967.16
2968.17
2969.19
2970.2
2971.21
2972.22
2973.23
2974.25
2975.26
2976.27
2977.28
2978.3
2979.31
2980.32
2981.33
2982.35
2983.36
2984.37
2985.38
2986.4
2987.41
2988.42
2989.43
2990.44
2991.46
2992.47
2993.48
2994.49
2995.51
2996.52
2997.53
2998.54
2999.56
3000.57
3001.58
3002.59
3003.6
3004.62
3005.63
3006.64
3007.65
3008.67
3009.68
3010.69
3011.7
3012.72
3013.73
3014.74
3015.75
3016.77
3017.78
3018.79
3019.8
3020.81
3021.83
3022.84
3023.85
3024.86
3025.88
3026.89
3027.9
3028.91
3029.93
3030.94
3031.95
3032.96
3033.98
3034.99
3036
3037.01
3038.02
3039.04
3040.05
3041.06
3042.07
3043.09
3044.1
3045.11
3046.12
3047.14
3048.15
3049.16
3050.17
3051.19
3052.2
3053.21
3054.22
3055.23
3056.25
3057.26
3058.27
3059.28
3060.3
3061.31
3062.32
3063.33
3064.35
3065.36
3066.37
3067.38
3068.4
3069.41
3070.42
3071.43
3072.44
3073.46
3074.47
3075.48
3076.49
3077.51
3078.52
3079.53
3080.54
3081.56
3082.57
3083.58
3084.59
3085.6
3086.62
3087.63
3088.64
3089.65
3090.67
3091.68
3092.69
3093.7
3094.72
3095.73
3096.74
3097.75
3098.77
3099.78
3100.79
3101.8
3102.81
3103.83
3104.84
3105.85
3106.86
3107.88
3108.89
3109.9
3110.91
3111.93
3112.94
3113.95
3114.96
3115.98
3116.99
3118
3119.01
3120.02
3121.04
3122.05
3123.06
3124.07
3125.09
3126.1
3127.11
3128.12
3129.14
3130.15
3131.16
3132.17
3133.19
3134.2
3135.21
3136.22
3137.23
3138.25
3139.26
3140.27
3141.28
3142.3
3143.31
3144.32
3145.33
3146.35
3147.36
3148.37
3149.38
3150.4
3151.41
3152.42
3153.43
3154.44
3155.46
3156.47
3157.48
3158.49
3159.51
3160.52
3161.53
3162.54
3163.56
3164.57
3165.58
3166.59
3167.6
3168.62
3169.63
3170.64
3171.65
3172.67
3173.68
3174.69
3175.7
3176.72
3177.73
3178.74
3179.75
3180.77
3181.78
3182.79
3183.8
3184.81
3185.83
3186.84
3187.85
3188.86
3189.88
3190.89
3191.9
3192.91
3193.93
3194.94
3195.95
3196.96
3197.98
3198.99
3200
3201.01
3202.02
3203.04
3204.05
3205.06
3206.07
3207.09
3208.1
3209.11
3210.12
3211.14
3212.15
3213.16
3214.17
3215.19
3216.2
3217.21
3218.22
3219.23
3220.25
3221.26
3222.27
3223.28
3224.3
3225.31
3226.32
3227.33
3228.35
3229.36
3230.37
3231.38
3232.4
3233.41
3234.42
3235.43
3236.44
3237.46
3238.47
3239.48
3240.49
3241.51
3242.52
3243.53
3244.54
3245.56
3246.57
3247.58
3248.59
3249.6
3250.62
3251.63
3252.64
3253.65
3254.67
3255.68
3256.69
3257.7
3258.72
3259.73
3260.74
3261.75
3262.77
3263.78
3264.79
3265.8
3266.81
3267.83
3268.84
3269.85
3270.86
3271.88
3272.89
3273.9
3274.91
3275.93
3276.94
3277.95
3278.96
3279.98
3280.99
3282
3283.01
3284.02
3285.04
3286.05
3287.06
3288.07
3289.09
3290.1
3291.11
3292.12
3293.14
3294.15
3295.16
3296.17
3297.19
3298.2
3299.21
3300.22
3301.23
3302.25
3303.26
3304.27
3305.28
3306.3
3307.31
3308.32
3309.33
3310.35
3311.36
3312.37
3313.38
3314.4
3315.41
3316.42
3317.43
3318.44
3319.46
3320.47
3321.48
3322.49
3323.51
3324.52
3325.53
3326.54
3327.56
3328.57
3329.58
3330.59
3331.6
3332.62
3333.63
3334.64
3335.65
3336.67
3337.68
3338.69
3339.7
3340.72
3341.73
3342.74
3343.75
3344.77
3345.78
3346.79
3347.8
3348.81
3349.83
3350.84
3351.85
3352.86
3353.88
3354.89
3355.9
3356.91
3357.93
3358.94
3359.95
3360.96
3361.98
3362.99
3364
3365.01
3366.02
3367.04
3368.05
3369.06
3370.07
3371.09
3372.1
3373.11
3374.12
3375.14
3376.15
3377.16
3378.17
3379.19
3380.2
3381.21
3382.22
3383.23
3384.25
3385.26
3386.27
3387.28
3388.3
3389.31
3390.32
3391.33
3392.35
3393.36
3394.37
3395.38
3396.4
3397.41
3398.42
3399.43
3400.44
3401.46
3402.47
3403.48
3404.49
3405.51
3406.52
3407.53
3408.54
3409.56
3410.57
3411.58
3412.59
3413.6
3414.62
3415.63
3416.64
3417.65
3418.67
3419.68
3420.69
3421.7
3422.72
3423.73
3424.74
3425.75
3426.77
3427.78
3428.79
3429.8
3430.81
3431.83
3432.84
3433.85
3434.86
3435.88
3436.89
3437.9
3438.91
3439.93
3440.94
3441.95
3442.96
3443.98
3444.99
3446
3447.01
3448.02
3449.04
3450.05
3451.06
3452.07
3453.09
3454.1
3455.11
3456.12
3457.14
3458.15
3459.16
3460.17
3461.19
3462.2
3463.21
3464.22
3465.23
3466.25
3467.26
3468.27
3469.28
3470.3
3471.31
3472.32
3473.33
3474.35
3475.36
3476.37
3477.38
3478.4
3479.41
3480.42
3481.43
3482.44
3483.46
3484.47
3485.48
3486.49
3487.51
3488.52
3489.53
3490.54
3491.56
3492.57
3493.58
3494.59
3495.6
3496.62
3497.63
3498.64
3499.65
3500.67
3501.68
3502.69
3503.7
3504.72
3505.73
3506.74
3507.75
3508.77
3509.78
3510.79
3511.8
3512.81
3513.83
3514.84
3515.85
3516.86
3517.88
3518.89
3519.9
3520.91
3521.93
3522.94
3523.95
3524.96
3525.98
3526.99
3528
3529.01
3530.02
3531.04
3532.05
3533.06
3534.07
3535.09
3536.1
3537.11
3538.12
3539.14
3540.15
3541.16
3542.17
3543.19
3544.2
3545.21
3546.22
3547.23
3548.25
3549.26
3550.27
3551.28
3552.3
3553.31
3554.32
3555.33
3556.35
3557.36
3558.37
3559.38
3560.4
3561.41
3562.42
3563.43
3564.44
3565.46
3566.47
3567.48
3568.49
3569.51
3570.52
3571.53
3572.54
3573.56
3574.57
3575.58
3576.59
3577.6
3578.62
3579.63
3580.64
3581.65
3582.67
3583.68
3584.69
3585.7
3586.72
3587.73
3588.74
3589.75
3590.77
3591.78
3592.79
3593.8
3594.81
3595.83
3596.84
3597.85
3598.86
3599.88
3600.89
3601.9
3602.91
3603.93
3604.94
3605.95
3606.96
3607.98
3608.99
3610
3611.01
3612.02
3613.04
3614.05
3615.06
3616.07
3617.09
3618.1
3619.11
3620.12
3621.14
3622.15
3623.16
3624.17
3625.19
3626.2
3627.21
3628.22
3629.23
3630.25
3631.26
3632.27
3633.28
3634.3
3635.31
3636.32
3637.33
3638.35
3639.36
3640.37
3641.38
3642.4
3643.41
3644.42
3645.43
3646.44
3647.46
3648.47
3649.48
3650.49
3651.51
3652.52
3653.53
3654.54
3655.56
3656.57
3657.58
3658.59
3659.6
3660.62
3661.63
3662.64
3663.65
3664.67
3665.68
3666.69
3667.7
3668.72
3669.73
3670.74
3671.75
3672.77
3673.78
3674.79
3675.8
3676.81
3677.83
3678.84
3679.85
3680.86
3681.88
3682.89
3683.9
3684.91
3685.93
3686.94
3687.95
3688.96
3689.98
3690.99
3692
3693.01
3694.02
3695.04
3696.05
3697.06
3698.07
3699.09
3700.1
3701.11
3702.12
3703.14
3704.15
3705.16
3706.17
3707.19
3708.2
3709.21
3710.22
3711.23
3712.25
3713.26
3714.27
3715.28
3716.3
3717.31
3718.32
3719.33
3720.35
3721.36
3722.37
3723.38
3724.4
3725.41
3726.42
3727.43
3728.44
3729.46
3730.47
3731.48
3732.49
3733.51
3734.52
3735.53
3736.54
3737.56
3738.57
3739.58
3740.59
3741.6
3742.62
3743.63
3744.64
3745.65
3746.67
3747.68
3748.69
3749.7
3750.72
3751.73
3752.74
3753.75
3754.77
3755.78
3756.79
3757.8
3758.81
3759.83
3760.84
3761.85
3762.86
3763.88
3764.89
3765.9
3766.91
3767.93
3768.94
3769.95
3770.96
3771.98
3772.99
3774
3775.01
3776.02
3777.04
3778.05
3779.06
3780.07
3781.09
3782.1
3783.11
3784.12
3785.14
3786.15
3787.16
3788.17
3789.19
3790.2
3791.21
3792.22
3793.23
3794.25
3795.26
3796.27
3797.28
3798.3
3799.31
3800.32
3801.33
3802.35
3803.36
3804.37
3805.38
3806.4
3807.41
3808.42
3809.43
3810.44
3811.46
3812.47
3813.48
3814.49
3815.51
3816.52
3817.53
3818.54
3819.56
3820.57
3821.58
3822.59
3823.6
3824.62
3825.63
3826.64
3827.65
3828.67
3829.68
3830.69
3831.7
3832.72
3833.73
3834.74
3835.75
3836.77
3837.78
3838.79
3839.8
3840.81
3841.83
3842.84
3843.85
3844.86
3845.88
3846.89
3847.9
3848.91
3849.93
3850.94
3851.95
3852.96
3853.98
3854.99
3856
3857.01
3858.02
3859.04
3860.05
3861.06
3862.07
3863.09
3864.1
3865.11
3866.12
3867.14
3868.15
3869.16
3870.17
3871.19
3872.2
3873.21
3874.22
3875.23
3876.25
3877.26
3878.27
3879.28
3880.3
3881.31
3882.32
3883.33
3884.35
3885.36
3886.37
3887.38
3888.4
3889.41
3890.42
3891.43
3892.44
3893.46
3894.47
3895.48
3896.49
3897.51
3898.52
3899.53
3900.54
3901.56
3902.57
3903.58
3904.59
3905.6
3906.62
3907.63
3908.64
3909.65
3910.67
3911.68
3912.69
3913.7
3914.72
3915.73
3916.74
3917.75
3918.77
3919.78
3920.79
3921.8
3922.81
3923.83
3924.84
3925.85
3926.86
3927.88
3928.89
3929.9
3930.91
3931.93
3932.94
3933.95
3934.96
3935.98
3936.99
3938
3939.01
3940.02
3941.04
3942.05
3943.06
3944.07
3945.09
3946.1
3947.11
3948.12
3949.14
3950.15
3951.16
3952.17
3953.19
3954.2
3955.21
3956.22
3957.23
3958.25
3959.26
3960.27
3961.28
3962.3
3963.31
3964.32
3965.33
3966.35
3967.36
3968.37
3969.38
3970.4
3971.41
3972.42
3973.43
3974.44
3975.46
3976.47
3977.48
3978.49
3979.51
3980.52
3981.53
3982.54
3983.56
3984.57
3985.58
3986.59
3987.6
3988.62
3989.63
3990.64
3991.65
3992.67
3993.68
3994.69
3995.7
3996.72
3997.73
3998.74
3999.75
4000.77
4001.78
4002.79
4003.8
4004.81
4005.83
4006.84
4007.85
4008.86
4009.88
4010.89
4011.9
4012.91
4013.93
4014.94
4015.95
4016.96
4017.98
4018.99
4020
4021.01
4022.02
4023.04
4024.05
4025.06
4026.07
4027.09
4028.1
4029.11
4030.12
4031.14
4032.15
4033.16
4034.17
4035.19
4036.2
4037.21
4038.22
4039.23
4040.25
4041.26
4042.27
4043.28
4044.3
4045.31
4046.32
4047.33
4048.35
4049.36
4050.37
4051.38
4052.4
4053.41
4054.42
4055.43
4056.44
4057.46
4058.47
4059.48
4060.49
4061.51
4062.52
4063.53
4064.54
4065.56
4066.57
4067.58
4068.59
4069.6
4070.62
4071.63
4072.64
4073.65
4074.67
4075.68
4076.69
4077.7
4078.72
4079.73
4080.74
4081.75
4082.77
4083.78
4084.79
4085.8
4086.81
4087.83
4088.84
4089.85
4090.86
4091.88
4092.89
4093.9
4094.91
4095.93
4096.94
4097.95
4098.96
4099.98
4100.99
4102
4103.01
4104.02
4105.04
4106.05
4107.06
4108.07
4109.09
4110.1
4111.11
4112.12
4113.14
4114.15
4115.16
4116.17
4117.19
4118.2
4119.21
4120.22
4121.23
4122.25
4123.26
4124.27
4125.28
4126.3
4127.31
4128.32
4129.33
4130.35
4131.36
4132.37
4133.38
4134.4
4135.41
4136.42
4137.43
4138.44
4139.46
4140.47
4141.48
4142.49
4143.51
4144.52
4145.53
4146.54
4147.56
4148.57
4149.58
4150.59
4151.6
4152.62
4153.63
4154.64
4155.65
4156.67
4157.68
4158.69
4159.7
4160.72
4161.73
4162.74
4163.75
4164.77
4165.78
4166.79
4167.8
4168.81
4169.83
4170.84
4171.85
4172.86
4173.88
4174.89
4175.9
4176.91
4177.93
4178.94
4179.95
4180.96
4181.98
4182.99
4184
4185.01
4186.02
4187.04
4188.05
4189.06
4190.07
4191.09
4192.1
4193.11
4194.12
4195.14
4196.15
4197.16
4198.17
4199.19
4200.2
4201.21
4202.22
4203.23
4204.25
4205.26
4206.27
4207.28
4208.3
4209.31
4210.32
4211.33
4212.35
4213.36
4214.37
4215.38
4216.4
4217.41
4218.42
4219.43
4220.44
4221.46
4222.47
4223.48
4224.49
4225.51
4226.52
4227.53
4228.54
4229.56
4230.57
4231.58
4232.59
4233.6
4234.62
4235.63
4236.64
4237.65
4238.67
4239.68
4240.69
4241.7
4242.72
4243.73
4244.74
4245.75
4246.77
4247.78
4248.79
4249.8
4250.81
4251.83
4252.84
4253.85
4254.86
4255.88
4256.89
4257.9
4258.91
4259.93
4260.94
4261.95
4262.96
4263.98
4264.99
4266
4267.01
4268.02
4269.04
4270.05
4271.06
4272.07
4273.09
4274.1
4275.11
4276.12
4277.14
4278.15
4279.16
4280.17
4281.19
4282.2
4283.21
4284.22
4285.23
4286.25
4287.26
4288.27
4289.28
4290.3
4291.31
4292.32
4293.33
4294.35
4295.36
4296.37
4297.38
4298.4
4299.41
4300.42
4301.43
4302.44
4303.46
4304.47
4305.48
4306.49
4307.51
4308.52
4309.53
4310.54
4311.56
4312.57
4313.58
4314.59
4315.6
4316.62
4317.63
4318.64
4319.65
4320.67
4321.68
4322.69
4323.7
4324.72
4325.73
4326.74
4327.75
4328.77
4329.78
4330.79
4331.8
4332.81
4333.83
4334.84
4335.85
4336.86
4337.88
4338.89
4339.9
4340.91
4341.93
4342.94
4343.95
4344.96
4345.98
4346.99
4348
4349.01
4350.02
4351.04
4352.05
4353.06
4354.07
4355.09
4356.1
4357.11
4358.12
4359.14
4360.15
4361.16
4362.17
4363.19
4364.2
4365.21
4366.22
4367.23
4368.25
4369.26
4370.27
4371.28
4372.3
4373.31
4374.32
4375.33
4376.35
4377.36
4378.37
4379.38
4380.4
4381.41
4382.42
4383.43
4384.44
4385.46
4386.47
4387.48
4388.49
4389.51
4390.52
4391.53
4392.54
4393.56
4394.57
4395.58
4396.59
4397.6
4398.62
4399.63
4400.64
4401.65
4402.67
4403.68
4404.69
4405.7
4406.72
4407.73
4408.74
4409.75
4410.77
4411.78
4412.79
4413.8
4414.81
4415.83
4416.84
4417.85
4418.86
4419.88
4420.89
4421.9
4422.91
4423.93
4424.94
4425.95
4426.96
4427.98
4428.99
4430
4431.01
4432.02
4433.04
4434.05
4435.06
4436.07
4437.09
4438.1
4439.11
4440.12
4441.14
4442.15
4443.16
4444.17
4445.19
4446.2
4447.21
4448.22
4449.23
4450.25
4451.26
4452.27
4453.28
4454.3
4455.31
4456.32
4457.33
4458.35
4459.36
4460.37
4461.38
4462.4
4463.41
4464.42
4465.43
4466.44
4467.46
4468.47
4469.48
4470.49
4471.51
4472.52
4473.53
4474.54
4475.56
4476.57
4477.58
4478.59
4479.6
4480.62
4481.63
4482.64
4483.65
4484.67
4485.68
4486.69
4487.7
4488.72
4489.73
4490.74
4491.75
4492.77
4493.78
4494.79
4495.8
4496.81
4497.83
4498.84
4499.85
4500.86
4501.88
4502.89
4503.9
4504.91
4505.93
4506.94
4507.95
4508.96
4509.98
4510.99
4512
4513.01
4514.02
4515.04
4516.05
4517.06
4518.07
4519.09
4520.1
4521.11
4522.12
4523.14
4524.15
4525.16
4526.17
4527.19
4528.2
4529.21
4530.22
4531.23
4532.25
4533.26
4534.27
4535.28
4536.3
4537.31
4538.32
4539.33
4540.35
4541.36
4542.37
4543.38
4544.4
4545.41
4546.42
4547.43
4548.44
4549.46
4550.47
4551.48
4552.49
4553.51
4554.52
4555.53
4556.54
4557.56
4558.57
4559.58
4560.59
4561.6
4562.62
4563.63
4564.64
4565.65
4566.67
4567.68
4568.69
4569.7
4570.72
4571.73
4572.74
4573.75
4574.77
4575.78
4576.79
4577.8
4578.81
4579.83
4580.84
4581.85
4582.86
4583.88
4584.89
4585.9
4586.91
4587.93
4588.94
4589.95
4590.96
4591.98
4592.99
4594
4595.01
4596.02
4597.04
4598.05
4599.06
4600.07
4601.09
4602.1
4603.11
4604.12
4605.14
4606.15
4607.16
4608.17
4609.19
4610.2
4611.21
4612.22
4613.23
4614.25
4615.26
4616.27
4617.28
4618.3
4619.31
4620.32
4621.33
4622.35
4623.36
4624.37
4625.38
4626.4
4627.41
4628.42
4629.43
4630.44
4631.46
4632.47
4633.48
4634.49
4635.51
4636.52
4637.53
4638.54
4639.56
4640.57
4641.58
4642.59
4643.6
4644.62
4645.63
4646.64
4647.65
4648.67
4649.68
4650.69
4651.7
4652.72
4653.73
4654.74
4655.75
4656.77
4657.78
4658.79
4659.8
4660.81
4661.83
4662.84
4663.85
4664.86
4665.88
4666.89
4667.9
4668.91
4669.93
4670.94
4671.95
4672.96
4673.98
4674.99
4676
4677.01
4678.02
4679.04
4680.05
4681.06
4682.07
4683.09
4684.1
4685.11
4686.12
4687.14
4688.15
4689.16
4690.17
4691.19
4692.2
4693.21
4694.22
4695.23
4696.25
4697.26
4698.27
4699.28
4700.3
4701.31
4702.32
4703.33
4704.35
4705.36
4706.37
4707.38
4708.4
4709.41
4710.42
4711.43
4712.44
4713.46
4714.47
4715.48
4716.49
4717.51
4718.52
4719.53
4720.54
4721.56
4722.57
4723.58
4724.59
4725.6
4726.62
4727.63
4728.64
4729.65
4730.67
4731.68
4732.69
4733.7
4734.72
4735.73
4736.74
4737.75
4738.77
4739.78
4740.79
4741.8
4742.81
4743.83
4744.84
4745.85
4746.86
4747.88
4748.89
4749.9
4750.91
4751.93
4752.94
4753.95
4754.96
4755.98
4756.99
4758
4759.01
4760.02
4761.04
4762.05
4763.06
4764.07
4765.09
4766.1
4767.11
4768.12
4769.14
4770.15
4771.16
4772.17
4773.19
4774.2
4775.21
4776.22
4777.23
4778.25
4779.26
4780.27
4781.28
4782.3
4783.31
4784.32
4785.33
4786.35
4787.36
4788.37
4789.38
4790.4
4791.41
4792.42
4793.43
4794.44
4795.46
4796.47
4797.48
4798.49
4799.51
4800.52
4801.53
4802.54
4803.56
4804.57
4805.58
4806.59
4807.6
4808.62
4809.63
4810.64
4811.65
4812.67
4813.68
4814.69
4815.7
4816.72
4817.73
4818.74
4819.75
4820.77
4821.78
4822.79
4823.8
4824.81
4825.83
4826.84
4827.85
4828.86
4829.88
4830.89
4831.9
4832.91
4833.93
4834.94
4835.95
4836.96
4837.98
4838.99
4840
4841.01
4842.02
4843.04
4844.05
4845.06
4846.07
4847.09
4848.1
4849.11
4850.12
4851.14
4852.15
4853.16
4854.17
4855.19
4856.2
4857.21
4858.22
4859.23
4860.25
4861.26
4862.27
4863.28
4864.3
4865.31
4866.32
4867.33
4868.35
4869.36
4870.37
4871.38
4872.4
4873.41
4874.42
4875.43
4876.44
4877.46
4878.47
4879.48
4880.49
4881.51
4882.52
4883.53
4884.54
4885.56
4886.57
4887.58
4888.59
4889.6
4890.62
4891.63
4892.64
4893.65
4894.67
4895.68
4896.69
4897.7
4898.72
4899.73
4900.74
4901.75
4902.77
4903.78
4904.79
4905.8
4906.81
4907.83
4908.84
4909.85
4910.86
4911.88
4912.89
4913.9
4914.91
4915.93
4916.94
4917.95
4918.96
4919.98
4920.99
4922
4923.01
4924.02
4925.04
4926.05
4927.06
4928.07
4929.09
4930.1
4931.11
4932.12
4933.14
4934.15
4935.16
4936.17
4937.19
4938.2
4939.21
4940.22
4941.23
4942.25
4943.26
4944.27
4945.28
4946.3
4947.31
4948.32
4949.33
4950.35
4951.36
4952.37
4953.38
4954.4
4955.41
4956.42
4957.43
4958.44
4959.46
4960.47
4961.48
4962.49
4963.51
4964.52
4965.53
4966.54
4967.56
4968.57
4969.58
4970.59
4971.6
4972.62
4973.63
4974.64
4975.65
4976.67
4977.68
4978.69
4979.7
4980.72
4981.73
4982.74
4983.75
4984.77
4985.78
4986.79
4987.8
4988.81
4989.83
4990.84
4991.85
4992.86
4993.88
4994.89
4995.9
4996.91
4997.93
4998.94
4999.95
5000.96
5001.98
5002.99
5004
5005.01
5006.02
5007.04
5008.05
5009.06
5010.07
5011.09
5012.1
5013.11
5014.12
5015.14
5016.15
5017.16
5018.17
5019.19
5020.2
5021.21
5022.22
5023.23
5024.25
5025.26
5026.27
5027.28
5028.3
5029.31
5030.32
5031.33
5032.35
5033.36
5034.37
5035.38
5036.4
5037.41
5038.42
5039.43
5040.44
5041.46
5042.47
5043.48
5044.49
5045.51
5046.52
5047.53
5048.54
5049.56
5050.57
5051.58
5052.59
5053.6
5054.62
5055.63
5056.64
5057.65
5058.67
5059.68
5060.69
5061.7
5062.72
5063.73
5064.74
5065.75
5066.77
5067.78
5068.79
5069.8
5070.81
5071.83
5072.84
5073.85
5074.86
5075.88
5076.89
5077.9
5078.91
5079.93
5080.94
5081.95
5082.96
5083.98
5084.99
5086
5087.01
5088.02
5089.04
5090.05
5091.06
5092.07
5093.09
5094.1
5095.11
5096.12
5097.14
5098.15
5099.16
5100.17
5101.19
5102.2
5103.21
5104.22
5105.23
5106.25
5107.26
5108.27
5109.28
5110.3
5111.31
5112.32
5113.33
5114.35
5115.36
5116.37
5117.38
5118.4
5119.41
5120.42
5121.43
5122.44
