-5981433
6624284
-1676135
7980426
-8470400
2643667
-5694316
-3752977
-886714
-8884020
7351821
8373392
3291853
4667007
-609046
-697111
2769259
-3445410
1591825
-7387506
-9864292
-2869456
9326785
-1297995
-2684761
-6463380
-5820315
-9150631
-1203249
-6727768
-974912
2442738
6928762
8689399
8688197
-3712692
-6749987
-3235518
6215952
1464269
9688524
3431225
8309870
-6095914
2386347
1960587
6818512
17488
7685886
-9716501
785242
-3556449
-9032983
-9204388
7946454
-1052118
810755
-3344081
-9794952
-9955998
-5626282
-1251282
2405649
-8882093
-7965610
9016657
-9211489
-8411047
-9466817
-7388023
2263375
-6014205
7891956
-8421426
-8281758
8301560
6048841
-61395
5250601
-6904497
3316677
6011636
-4704099
-8082784
5593278
-5709053
4835072
9332360
-9599118
-8880717
-2486025
5049797
7511899
6746628
8072152
-5955428
1671350
2864156
7228666
-6141104
-9549484
787519
3670216
-6382437
978630
4584395
165495
-1865990
-5219067
-4405566
-8005791
1160260
4764353
-2351403
-2350552
1793876
1750392
9738422
2983120
3579430
-2748174
-1226802
-7626624
-7764572
-3168800
-6461219
-214661
6047757
-4097684
-4100450
9487165
-6343872
8441178
7031187
4780911
2809677
1623597
-3795732
-7827136
-7931020
552638
8216749
5463098
-4232066
8745998
-2292951
-7192767
-311711
-5213797
-1961444
8856941
9987265
-884083
-8005564
-7159572
9778774
-9462850
4589011
2236906
3067252
4671623
-1770882
-3296791
6665201
-6174165
-3380336
-6282835
-1160038
-7998465
5005642
-1858455
9788203
3505258
6934405
-891841
8055335
8530241
545470
-9229105
-8025366
2274383
-3263911
2271975
3723442
-5348803
6928299
4696807
599791
-9064027
-5546608
7746812
4359584
6441755
3049850
6615393
-1003233
2418833
-978265
-7866188
-3126003
-9131821
1362520
-4732527
9862064
3154140
4508255
-7973441
4971107
6675378
-879898
-1183112
7075939
6805972
-2568650
-8487999
6926163
-4769897
-1739420
-442392
-9403757
-331568
-1277241
-3514881
6943999
-3803503
7099954
4534105
8793811
4801616
-2414672
-5554131
3024061
3315163
-9783477
-1312783
-8445005
7234112
-7209032
-6641385
7322377
371630
-1972742
-4119571
-3159344
4946935
8781798
-7624015
8474087
6724155
9630286
-5768998
-8877642
9964149
-2108010
2922839
-8810059
7785373
5719049
4669636
7483197
3740827
-8399090
2417918
-4477806
7059772
3565641
4123784
-9769018
-7653201
-9977318
2051546
1179106
3048011
6433602
-4018137
-2253218
-2654563
671046
421074
9851690
-4196380
-484029
-5943658
7485866
8438334
6421462
1759280
-2120019
-5789615
-5578241
-9309037
6461227
-680618
-6032553
-4099504
3205267
5213401
4935439
1002289
-5301985
-3301085
3573273
-2467882
6266195
9241308
-9078743
-2072965
802851
-55622
-5776685
8377236
7016688
-7587525
7280539
-9541770
7530745
6523905
9816139
3953301
7658557
-7963220
6440241
-9706622
2340517
2888029
747508
-3302112
7440374
3299839
-9503509
-4652304
-1162702
-6693720
-8827691
1886745
-4210973
-1889887
9695396
-5477960
-7922304
7107926
345991
5074584
-857179
2998441
2248114
9489977
-391898
6950542
4929839
-4751711
-406157
-8984566
-830092
4781408
-4446709
6458110
4765121
-6715998
-6437624
5899151
4973823
3670471
-7571840
-4783624
-1117160
98414
-6874146
3962097
-6320714
-7660103
3687132
2606500
3546712
-9283618
3378339
-5069886
-1134410
7859993
-9961747
5694961
4100322
6314958
-8389438
-7338701
1273538
3184652
-618927
-139439
6975630
-1624063
-4367827
-4515422
6179410
1615813
-3729325
-8529351
-8980840
-2494079
-1956458
-3811690
3640394
3622956
-1236635
7725928
7076412
6307067
709721
2846165
-4162292
-4725398
3855466
3979571
-4359442
-8809192
9713234
-4109851
5430441
-7956328
2097799
-4880988
-9594666
6217202
-734949
1197511
-9443503
1758026
534477
-8017769
-3405992
-2020198
5574699
1183381
7636482
-2535607
3235337
8695602
-9833178
-5672266
768940
9869291
8745481
8419930
-4343659
7052503
4673017
3573053
-8538114
3179855
-4569318
-9861945
-7874455
4751975
8035961
-8730420
4694018
4648798
-7681844
3538725
-633347
9172006
8163612
-296294
-9300339
7754727
640402
-683444
-2497253
-9894562
-3586518
3602487
-167066
-7421685
-4401456
3467103
-2667343
6473882
5560425
-7850662
8807681
-9511131
2009089
-2459897
-8595945
1205953
1752790
8985819
2105830
8752527
-7001386
3207069
-6941043
5475678
1703680
-9021449
-1907934
9438008
7378073
-4318038
-9220016
-1104373
-1335899
-4430894
-8666250
8405949
-8675941
2899797
-5286562
-236787
-4278941
-2532502
-6985777
9335724
5393737
9847700
665151
-5387069
-3371422
-204784
-6375812
6727243
2297227
3920222
-3217081
7062307
9863309
-9193744
1091670
9332600
7326873
-9767749
401401
1109346
1500899
1659002
-9616957
-3913747
8657853
-2564569
-8381156
-8147099
-273314
-3315829
6207756
-3854139
9962690
8434521
-4617302
-3466630
-9928475
-2040051
-5283085
-145919
9236691
177035
2835107
-7837711
-3137669
3438180
-4979623
-2158973
6461304
-9910818
705422
-6590856
-609767
5309873
6988221
-4131485
-9336037
-4566075
339796
-9599598
5370571
2611781
-8478236
8432573
-2711541
-1432619
-3578721
-7095723
6066936
511726
51621
-2635230
5513166
-4273059
-120935
-7002104
-7117743
4724974
5862845
-5228780
-293790
-2293324
8689340
4882655
691368
7110295
4243006
1358976
5805407
-2840005
-9016505
7318625
9103554
-5838774
6109063
5963104
5720048
-7228938
-1419449
9599704
6854271
5469395
6827374
-6477161
-9480400
-8382449
-5852542
8831080
-6436018
2689303
4940594
9750320
-3909726
9276586
-9584574
-6063563
3582753
-5042599
-1185983
7110755
4614539
-4970109
-8692455
6754367
-602374
2803324
8085634
-3121876
-1980874
-9435572
-6521584
7103694
-3749875
-3838983
3564771
-8250588
-3140734
-7844674
5752880
7327255
-5113138
-519156
-9363184
5583700
-8062032
5624584
4021625
3729821
-3082976
-3847011
1147790
-5111877
-2974373
-3683861
3877880
6586994
2625666
-217547
-4957447
2493072
1770656
8156094
2638876
4926160
1331319
8979647
-8160199
1335562
-2587135
1746721
-2414406
-2116372
5684142
-6215817
6782191
4541541
262574
4910294
8799477
5906896
-4240636
-6603945
-7586908
-6386191
-6223813
5675088
-6271723
2891137
-4631272
7811568
-2127402
3560387
1512284
-8587287
-6810845
4051119
8760071
4271498
6683679
-3013017
4639494
6182437
5296649
-8872358
-8938962
-3899141
-7086431
1323150
8809681
-9781710
-3119414
-9426664
-4646094
-2105625
1908610
-8379934
9730692
-8648736
450025
-9278403
6040491
8297221
9777611
8463902
3124878
7655025
802206
6104145
9361804
-7483647
-7634838
6592117
4289249
334670
-1054469
1373391
-7662201
4057343
-4915389
-9762217
-8265855
-1589666
-7468026
8900508
56858
5010
-6242130
-3651550
-7019783
-4344482
2038183
-8327867
102017
-8508467
-3293370
6314704
-7603498
-747127
5517449
-3724578
8519831
6641378
7470572
7958873
7360201
725858
-9943831
3851004
9050582
5897222
-2228601
-1424212
5189634
-3549727
4450295
5521767
-1208208
-8090505
-9820851
-544833
9881512
738736
549789
2495603
-9800336
7068102
-9379544
-7173374
-4030669
4017134
1591041
-8893452
5014975
8775945
-5163141
3229054
-2039509
-9258886
2314441
19081
-3977346
-5722161
-4689661
4578565
-1151785
4809673
-9360656
968745
1952897
8028154
-7093185
-6271260
-578163
-9467979
-506747
2042953
3924155
-3566261
5265747
2019271
6030151
-2870389
-5661358
8517363
-2404311
-2083201
-7653900
-1500487
-5752963
760762
1874698
-7982286
7111678
-1249760
8878133
-4613918
6236687
3175582
8161170
-7765240
1456478
-7522898
-2258125
-8600159
-7993902
-5615581
8620455
1079759
5167119
9536634
-7189336
9870327
2215641
5657755
-3807198
8660784
-748664
-307618
-3002359
2129666
5805048
-3175971
4361032
-3828944
3227939
-295655
-9028767
6115193
-1234114
-3788337
-4316167
8341222
-3850123
-8338460
-3534923
3679292
8075426
5816455
9249835
1561009
9575865
-6050806
9272814
-4013040
-8828036
3764546
142429
-8813136
8784581
-352905
-5915349
-1943940
333087
7677895
7224094
-2529050
-3342194
-6365462
-8793456
2588637
-1620484
3009019
-7776347
-6814875
-5408287
-1587574
-9678755
-7063541
-8793132
2561217
6635946
3333548
-6058860
4755036
-3495758
4061343
-5913294
-9863403
-5232469
2242911
7678766
9348428
7769024
-2175137
2585203
7738219
7516662
8113432
-9263642
-6222121
5859809
-7294612
-4831108
-9480873
3478711
-2296281
7633255
-3190769
1260775
4813644
-8354647
6908002
-6737957
-1536969
-2580360
-8195784
1879189
7472402
-5924067
-9390185
1104427
-8294950
-2454563
5410384
-405078
9926182
8768076
-7747615
6748971
-5551327
5057841
4411510
-539769
-1611086
-8709149
-9777932
-9926873
-2586116
5652179
82121
-7394071
4818803
-980769
3523460
-1477635
-5150364
2443604
-6880693
7604367
-7816046
1705190
-4604217
9326767
-1451783
-1364463
-2524587
-9929780
-6459868
688324
-3792876
8451211
4083236
7483728
2550748
-182056
8905390
8919512
638009
8352556
-9618314
-2079921
-468931
2253008
-5306489
7135345
-5746288
1852328
-7677629
-373916
740410
-8266894
911881
-7324635
4383983
9948596
-9601115
3782554
2347797
161127
-293585
-8907747
9679972
-7633116
-1226282
-8956832
9425628
-5689070
9831473
4375648
-4834471
-7342521
2580897
-7327824
927487
-2378853
5470061
-9200423
-8624977
6789666
7615442
-3226778
-4075244
-4602902
-9691248
-4784387
4300398
-3133077
6278159
-3476833
9127892
-7828663
2061252
2902507
8423798
-9764488
2372381
7642128
-2247990
3894139
-1050765
-7665516
7606429
-6196892
-4948097
-9805823
2959480
8597608
5152751
-6212975
6591713
1657117
-3147250
2348119
-4545460
9030896
-2777457
-3408078
8412482
4936691
4950924
4386041
-9565735
1555257
-1533437
-167893
-4901739
304906
-1879685
3748047
-7618034
6866486
-1974346
-3236619
5680909
592630
8016369
7187502
-6491962
-3471796
3867075
3965414
5690733
-3578846
3159487
2671945
8426646
-2364019
3320025
-7189716
1167795
6742401
-5454968
-8994866
-3604289
-1404796
-4512338
-8971700
9960580
-5629673
4262441
-6165995
-6669269
-6798005
-8165290
4215371
7369486
-9536723
4997491
-1763909
8013455
-7454414
7597166
-8272510
-4588807
-2953211
-5526085
-5406714
-3926577
9497711
7666654
7599180
-7107949
-2547449
-1841465
3263203
-9042611
-5597916
-4146387
-6405135
5193876
-2090482
8614776
-9518480
1548616
-4179558
-9136206
5902324
-1544349
-9049998
-3530410
-7776523
-5596708
3347109
3193306
-5693598
-1156931
5146171
3359207
7439320
6767421
9554133
-5972731
7380261
5384477
7855024
-1262178
7228248
-3750786
-1098635
9327828
-2420443
8374619
4902637
9231119
-6373875
-5667998
28975
-3313263
-4349938
8678189
-4290200
-160390
7578144
1541647
-7901105
-8044570
2745493
582990
-6666243
-5144276
-3991799
3790680
6163940
4893669
5253647
990731
-6310801
-1183971
1952729
-3821
7247260
-4505702
-8604662
1875034
649352
2064092
-7822063
9597939
6804368
6195537
797942
1783622
6862086
8571986
-5500330
8081992
843867
-2597483
1645910
6396337
207416
-8470466
-1578185
1096010
9302652
1253309
8871754
3273429
4048954
-4780380
4988506
-4202596
-5879042
-3468412
-428868
-2869633
-1554690
-4557898
7034883
7365258
-7233225
4099901
-163832
509455
-7524512
-1146280
2816585
5826865
9788754
-3856096
2373277
-8807339
-6076710
4371845
199335
-6783791
6510079
6062890
-7790218
-7766094
-752678
-9231046
-7259844
3554897
-9813811
5996328
4541951
-9316568
1677372
-6723401
-319081
-2939449
-7742738
6298941
-2108288
-6754747
-1776997
5385153
-7724127
4697210
-6281933
1650434
-2468270
6731861
-8192258
891255
-9232355
1154604
1937329
-4710012
-6216249
-2253466
-2613694
-2905227
-7155587
229896
8120105
-7996755
-512840
-6957739
7606720
-4544203
7348079
3904115
-1736655
-2957631
-3726386
-7097778
7106148
5402123
9533765
3659997
-692290
-797949
-927031
-2748723
429658
-4444248
-8329293
-7547042
-9133981
-5072262
-2010022
1447880
4532953
-6485522
6914849
9377055
-4372835
-4091265
8253340
1975558
-4427551
2786154
8175260
2064927
-8702609
1654850
-7652379
-8766467
-2898439
-4885111
8303590
984727
-7523622
-2975748
2509117
-8105845
9614825
-3511503
5443544
6533833
-7923127
5809072
-5003296
1340782
7088312
6085793
5279560
-666525
-8077467
-3502447
7423424
4669362
6062066
4730029
-3884165
-5490499
-4183729
1332283
1850263
2403568
1106791
9868777
-8311774
-7284507
1189364
-7676676
9336793
9476692
5988735
3668171
9771423
-2388681
-2363074
8446059
-6403818
-2763871
-7099641
-3351936
1960702
-3592965
2632030
-550625
4385865
8385131
-2291820
2953760
1581068
-4976803
-4435469
-1934702
-3451109
-7142854
-5690609
1331481
4640527
2039631
-272742
-6181347
6389948
8391741
-9484576
6673202
4852693
-6011378
3008839
-1464764
8448316
-294404
3231735
7578158
7558029
-1140159
1692378
-8233885
9337067
7767263
-989908
1948319
5737660
-4446963
1909145
3259193
8816038
8038036
-7074760
8859696
5286774
4495890
-6749428
1503506
-6625341
1462538
-7844685
-8169456
2351302
5481579
1483510
-3016619
7964892
-7213227
-100632
-2890122
4563748
-4196141
2014396
-5869449
-6726720
7726908
-6087485
-755655
4049956
5950494
470530
-8558803
-9325062
-5695954
203945
4790795
6406846
-883436
3449658
-5973389
5793010
-493366
-9441343
-7911732
775798
-4909330
-6513680
2127769
-462354
-5065649
-7949527
7017023
-6681084
-3771607
-7778973
7405092
-1717490
-6098500
5251741
-6780102
-5489416
8005778
8924575
-2784875
1195363
-347875
-2354012
-4805074
-4406157
6117253
-1706900
-3750548
8136396
-3705225
-3232727
-4672083
8637327
-9513253
7114270
6607274
-7813726
-1070627
-7268386
2759334
9654706
-3421761
-5346177
-2439995
8169254
9714160
812394
-969458
3503121
-8857950
3605393
2667721
6357309
5097953
-8537320
3047931
7162875
7581269
9271373
2032709
9832230
2985982
-2184521
-7311474
-2910986
-9369356
2389656
-1119395
6799059
-9163754
-9972814
-5098569
-1239156
638164
5400603
-8553716
1522039
-2854919
5810350
6087527
-3017973
-162192
7875395
3081111
2934901
-8744930
-5361818
-1165030
4192175
718529
-1615615
5240224
-7592531
803514
2363587
-1324487
522134
6144748
978544
6890279
1908496
9417307
-3217702
4215812
-9064903
4377012
9099407
2173651
-5166855
-1215683
2435580
1437165
4974760
-3150974
-8899274
-482920
5076511
4549016
-5774771
-2146712
-5842840
-3734770
5875126
-4165684
1935803
3141256
2793797
-1813617
-3034292
2280052
8357234
7768480
7214153
1568848
1784773
7393686
8391793
3752272
3682152
-5884254
5917670
-7330660
-7097324
-8424581
3109016
5697454
397393
5355731
-1713136
8744419
-7974036
-3037636
-4904078
7987871
-8998900
4156923
3129903
3995879
-9750420
2420016
4219149
-4389468
2214587
-421823
-1003359
7381662
7342464
7617775
2984991
4310029
-3400203
-4345021
-7426377
9620944
-3630447
548326
-7363276
-6446583
7622496
-4895041
1085673
3396739
-9306485
9366259
-5350032
7300033
-309237
-8436449
-7242654
-8273978
4772534
2772366
-1012026
-4596955
9336297
-8181826
-260583
7312554
7457476
-6709625
2942066
-3837511
-967424
-884782
-8198790
-4390378
7013565
-8514377
-2224572
1920643
6094013
-841240
-8645824
-6410702
3970422
2474455
3316473
9119096
3911163
-6995149
-4203928
-3546506
8441849
6270547
2599464
-8310262
-5153632
7909134
6892219
-7297546
7175058
4089226
-4682132
-4078222
2519127
876094
-7097032
-7706702
9031797
-3764302
-9510848
4350580
-8122220
6778421
9060253
-4827310
6074907
-1050794
9075594
6476783
3970689
6364647
-255558
7828255
7836528
7253743
-775002
669405
-6954921
-9610292
-9168854
2222856
2068693
5648483
-4599024
-2381383
-1592286
-4425479
-2506370
492574
-7162949
6485730
9712286
-8374106
6977688
1825618
-1099315
2333322
-5427598
-5541130
8863999
-3576391
6471152
-990689
-7286608
-3319855
3075946
6323168
-1141552
5353329
-2174399
6062093
534099
5453011
3115139
-8630796
7188369
-6855784
866246
9334314
-1530086
-4054392
5086455
-2959303
-5067665
5916090
722015
-941912
3880495
-7409848
-6599226
2081673
-6644398
6193060
8190388
-1778506
4228216
6174777
-7432982
7183620
-1941886
7946844
5307061
-7406270
6287675
2382713
1223172
2554038
-2678782
-1259723
881990
-3387309
-5413940
1128052
-5504335
1977985
5430914
-9837687
-683221
5798658
-6607498
-2489658
3240275
2741864
1228613
1137012
9479944
-4790694
-2598302
-4427203
1792884
6681683
9724180
-5220970
3496566
-4318388
-3089591
436800
6260954
7167998
-684910
5362497
-4325815
1515530
-9178736
-2630896
4511994
-9486740
4300523
5190405
3691289
7722749
-5138789
7560998
-1270138
4706936
-3228296
-6025919
6939552
4068802
2621182
-1767771
-509424
-1100763
7076083
2880539
-7712644
-8348870
1291882
-8538488
2994753
-9604
2355437
-666511
7777002
-9069049
-2312478
838232
-966680
6802775
-4677690
-7191054
-1516109
7332075
9664312
960709
9266108
-2825860
3177112
-9103027
4959007
6774608
-7572218
-2116845
-6719612
-9091287
1878634
-9790828
-5489658
1344492
5787572
-4717909
9076594
-2772961
-7345685
-6577013
8218296
-3106189
-620320
-3682391
6632402
1876516
117523
-4923916
7044192
-7979547
-2385867
-4173092
6744604
-3028808
-8608324
6650804
-1554
3449601
-4698395
-1658202
618464
8975043
-3059441
-4766587
-8235706
-7225476
652280
-754424
8116715
-5724591
5282836
-3088781
-1795068
-2156085
-4787183
4514890
5938187
-9139107
4697912
-6120152
8590617
-9131459
-9902307
-7821335
-187461
9801330
5001364
-2647828
4588029
-2491620
-1233780
4907587
2322729
-9438469
-2159774
-6849341
4718927
7456989
7956549
-8269243
3422737
-5602927
-4358865
1919199
9510292
904125
596258
1997914
-2181228
6017709
602390
-904535
-719762
6522503
7561422
-7012654
-4686165
-9982544
3880823
-8635047
1019227
8141502
6518141
-1434984
3677356
-2552648
-7700241
-243781
5894545
1042376
7533867
3702362
992514
-8667280
-1098774
-4591734
9879177
-5321691
-6614893
673609
8837352
7416746
-4328371
4750689
6838093
2483142
-7375537
-2937949
-1211986
-5266256
-2471249
1397046
-918635
-384812
5181038
6704128
-5437032
-8389522
-8103646
2805314
-6542643
-6336838
7294354
-5027606
-6693470
89943
-3244429
-2259975
-6159345
1293912
5096787
2295985
8115725
-5596807
-5677144
4655264
5856978
-5259585
-5453581
-946613
-437447
3728717
619125
-5872198
-1534157
-598433
4077932
-5999905
-2651601
-7577687
4949642
8085202
9442207
-5722321
7440954
-5895009
-2679951
2937455
-9221440
2724133
3231003
8772116
-2718691
-9239794
8040344
-1850806
9895805
9793981
-3835157
5058713
4703369
-3179987
-4299230
-2931595
2092365
4575363
-7928521
-6316572
-2713130
8729462
-5223263
-1700596
-7981523
-4038571
4438170
1360081
-1937013
-1824453
575388
-4342758
9775205
2214511
7177438
-6758926
6399471
291745
6534697
-8652224
494398
1264397
-2737118
7711555
-929935
7642702
-5537788
6309478
-7551705
-9438820
-1811507
-1475681
-4813321
-4500292
-9511938
7538568
7509524
-3301060
2018663
-153289
-7826100
-9056164
-1340066
-5570667
3635608
-7171547
-9314136
2540095
9105258
-999155
-2517862
9366515
-1226426
-7632966
4454380
4953602
6064766
-1726854
3137855
9120438
8703997
-1008234
-6207624
2335025
-8304935
-7956078
-3819198
6775016
8935227
-7133705
-8370204
-2311123
2127398
-7427665
2451124
-1335807
7813687
-121860
9631526
-7976535
-2144014
-2569207
2434359
9150753
-246196
8904337
1560665
-7374292
-8157793
7626626
1928844
4271726
8962911
8000021
-5255417
415465
-1454499
-2606693
-2730677
6882635
-1953826
3922435
2056509
-7013257
-2648460
9417011
-1799361
6396663
-6420327
-3745051
9626157
1393101
731624
-8538338
2510704
-7095617
-8543771
6660108
6927245
-8456906
-3308809
4474306
-2050358
-1042621
-8951240
347337
4437631
3889752
9488972
2096882
-1785080
8393492
-7587623
-8999928
-333321
-7111083
4533232
-7374857
6592679
4716198
7122748
8159591
196275
2095418
-932159
1275968
-420865
6341105
8315684
1496112
7613681
3624906
-9965222
576708
-2619043
-7538997
-1587741
-933420
-4754
-2667393
1929871
-9063483
-2077110
2705758
898949
8561934
-2401180
3205479
1581017
-363473
-1475784
9170986
802246
-6521669
-2043649
-5289350
-5331815
-9402736
3242640
7354428
-7912935
84310
-4828457
-7104327
-229570
6527515
-1274604
-4693478
1015787
7879791
-5671509
1589245
-5085078
-7062954
6052192
9190248
-1104969
-5061170
-4290520
-4397856
-7345713
4517720
4842204
6689808
1548704
8840253
9387727
-605924
6160022
2601805
447949
-6313047
5078997
2074526
-8977015
-9190675
3497717
3045274
3276184
3044126
275478
4359069
-649291
7791121
7557215
-2091590
-6616534
4572118
7658936
-8609318
-2025172
-7502070
-8885983
-7144171
6212039
-6062061
-7128372
-4727606
-5072629
-9608763
8401781
-4078354
-734321
7368042
9588073
641120
-4257728
2716354
-2769012
-6974620
-4083498
7343850
8821077
-3650836
-851364
-3430265
4338083
-8367029
1227888
-7813919
7980466
-8162373
-7980911
7177898
-406395
-8087143
434298
8601794
-4210711
-1910905
2284877
-2108859
-5084947
-2589233
8164984
5474250
-4052301
-9105048
1203059
3483128
4210827
-8897824
-1891929
-7668404
4686235
-3407882
1924639
8157365
-7174526
-3738484
3218594
-8132309
-806296
890785
2870781
7752532
-1130660
-3482486
-6174887
4000953
-5675826
2140761
5722366
7662878
-6245433
-5710393
-6139068
4312911
1015033
-9755200
-9121064
-9285806
6426053
-6012931
3909193
8736991
-8402986
-9441238
6195838
-2136118
-9425953
-5951212
354132
7459637
-3441371
-2445690
8177323
5654482
-4033152
8912925
-4041359
5711826
7213031
6018987
-2813375
-5984409
-1079723
3884801
5361298
8044295
-9055016
96948
4203752
-8995781
6304770
8199710
9802197
-6061767
9446551
-6693020
-4972386
7224678
-1000098
1967030
-6148858
2843001
2718619
-511712
4091356
-7734219
-4509073
-6988932
-7134167
-704948
-4942637
8544227
-4897452
7987645
-4723949
6723537
-5872568
3995875
724569
-9673308
3655850
-8484522
-5258645
4782662
-6531993
8388282
1807526
4007880
3812401
-1056513
9727202
-1722730
-6540265
-5169000
-692944
1149099
9384939
-1583296
-6870778
-4409056
-9040121
1069661
4804263
-2859987
-6847292
-4362303
-3595924
-38297
-5584961
1383983
1924710
-7207282
6745885
-7364995
5800358
-1400819
-3528669
368736
-1341890
-6240213
-6934885
-6556762
7490384
323931
-2130804
-6200970
9141772
3670757
9930442
-9812376
-1853609
-2877764
-9956775
944485
-9247175
6810837
-4314522
1578069
7456923
2228841
5412199
5880485
4748408
-1759224
8882192
-7148433
-7727333
-4365372
8150732
-7978462
-6966357
-4156279
5703419
9842447
-8973300
-8820632
-909516
6183807
6489253
3639142
9489100
2526374
-3444665
809349
-9833336
1975581
-2295209
-8489696
745620
6286510
4690197
1883972
8059555
-5447253
-1226489
-1362290
1470845
353652
-881339
-3458160
-305170
1481000
5258397
2240448
-6164343
-1378960
5538739
-7035878
5895298
-2239797
7787166
6688332
5437554
-8466259
-8668695
-1390256
6023154
-487530
8533113
-7756094
7221383
-251950
-5543063
-4097738
49860
-9335976
2017015
-3406194
9002533
-9966555
3986614
2700258
-8297921
3209207
-3868842
-2894627
5452912
-3958889
2282219
5543162
-1577409
-7248851
-573191
-5131940
8946484
-4696396
8832809
-363108
-7653805
6850620
4279880
6454174
-8579138
577297
2028561
3846566
768579
5136471
4890862
-2192055
-8299959
-6276338
-1416141
-4922865
9482018
7054789
6129338
-4736584
-8633009
-3432453
-1035282
9293588
-6480078
-545616
6085336
3652217
6705108
8017010
-7439605
-7464425
8625246
7749267
-1329442
5080273
-6631973
-795807
6933508
7476818
642671
-6265185
978578
-487935
-5949213
-3825662
-9360417
4042657
5681426
-7164159
7776860
2238806
4688750
-8677833
-3763777
-3419558
2464911
-4241315
7495469
2278524
-7304002
1182526
-9364491
-4061737
-8535582
-3865663
3882112
7697275
-673926
-2197018
-8275688
-7292578
5473354
7813456
4541457
-2355575
-5193722
5376129
2926253
6992914
2003230
6673954
2308856
-3969245
8907668
8164518
-5722072
-8052168
3806514
-2297586
-2842014
-6277032
-6638785
6879068
5105927
22688
6858779
5540486
-8096917
5645154
-7635581
5949273
-5801216
4761332
1473929
-3031768
9778170
8948225
-7036706
6689423
2410913
3499258
672306
7704428
2345545
5361993
-6422876
7011900
1954745
-2887788
-2187552
-7733870
-4255824
4653982
-3939743
-7171728
3725118
2851020
640844
6632779
4822348
-3266182
-4413769
-2499509
9862108
153913
6709426
-3038963
-1705733
-2183868
7025588
-8608975
-5558112
-94868
-3231667
-6722248
7147253
-7866864
-5310385
-796141
6427831
6113841
-9965081
2612307
2775491
-8600456
7447355
2701061
-3682753
6916118
7826609
5829102
6469242
-6576625
-6050198
-6506340
-835096
-7382753
-4114861
-2254810
-8071785
5734692
-8134110
6056575
8369249
7864820
7198410
-7695190
5203834
-4334445
-5818382
2462569
-1943813
3016818
-9981732
-3181962
7816987
6520359
1925481
6574701
1077265
-1835151
-6112510
-3002316
-8604703
2809034
-6943819
-5744717
6256410
-5018081
-6480002
-5445208
8176422
9506169
515284
-6764545
-3764828
3229493
-6824857
-7286205
9771113
-6330043
9877697
-9093406
6428463
-8675547
2015000
4147005
-9406201
6413361
-4363854
4428701
9578002
8462539
3619170
-7167998
-3853465
-6347477
-6151766
-8826608
-4428354
-6064658
-6078959
4369617
-5587786
846829
4558615
2308863
6161749
-6597983
-9687735
6314148
-8500721
-8236404
1651742
-5173392
-5440556
64532
603841
-5150784
-2392420
4860919
-337032
646688
-9611997
6075058
-8742264
1590367
-9065578
7142712
7891141
-9305186
455749
1224896
389235
-7699509
5130894
6128007
3151024
-3272130
-2221711
9371702
9965467
-9283751
-5675511
1560753
7061501
3085514
3590028
-8209635
-6752429
2065118
-4473913
5418267
-6654934
6961389
2672011
7837828
5607471
-791536
2715020
9331952
-398345
47949
7457433
-6477137
-7252360
-9886015
-1442572
-4496803
-3774576
-4275277
-8335847
-7829606
8178112
5472288
3045725
-4977673
-923722
3467056
-8815519
-4673248
3971434
8521546
-5014498
-762496
-9892161
-7942557
-8412914
1581306
-19909
-9774761
-7727205
2522070
-8456167
5269864
-3087953
7719232
2354801
3759040
-9802769
-6432357
-841346
-4082878
-4870082
2538482
2502284
-1591830
2457702
6715326
-2390706
9793208
-7257393
-1534544
-6898009
1516263
1281735
463459
-4300234
-55662
-4099719
-3645647
2458281
9021456
3131482
-3798477
-3641702
-3953551
-9763449
-4367707
-9596602
-4576486
-3557019
6950679
-7178367
-6785118
5515553
6372885
-8709959
7758527
-3636073
-5514647
7249821
4126400
8863366
6250732
-5172702
9652342
-9873420
-2556670
-8448752
-8436447
-3102878
-1206608
9219325
4377916
-5646348
-8513092
-9980353
-3199993
5023322
8465309
4337839
7041159
9651783
9755389
-2711855
-2564965
5643594
6330707
-8938118
9951624
7354081
5119230
-1173367
-107272
7722575
-6867548
-4174732
-561374
6493220
-3668559
3947338
-8225374
-712887
498904
7381077
1052374
-9133160
2748789
-4875581
-1684522
7443472
235752
4402126
-594472
1970757
8542119
-9980950
-6409620
8450319
-4870817
-7739042
-5553648
4987896
6605399
-1424924
622319
9101655
7417345
-5831955
-4725245
4206882
-8006193
-1076840
-8150025
5713780
7392583
9179939
5103011
-6381804
-3441860
4115585
-6161713
-6132211
4989950
-4798692
-4969132
4503254
6533982
-2836502
-6561447
-2906609
-3542368
2057498
-9058921
7531567
-6407845
7701753
-9846384
3818387
8768528
774536
-3062445
4204212
5639785
2853681
9632345
8404217
7319688
5691550
-1879655
-7656488
-8186487
1731837
5222543
-7385063
-4103845
8281723
5986170
4110506
8959232
7711380
-9320581
-4935954
2851964
4998613
-2253063
-7831
-9681969
1713418
-8789064
2773730
-1381406
-2188124
6068006
-9553195
-8121069
3185343
-1715654
-2801649
3939509
-9600020
2764121
-5654818
6751631
-3366933
9646748
6254416
-7629828
1330998
-4285706
-7030674
-5178358
5119214
-6644855
-2116969
7758373
6130953
-2794863
4416556
1124304
-6276380
-6554776
1508708
2915815
7156172
2315026
-1637974
-4253495
2416569
-9272372
7594653
-2226324
-9651319
-6356625
5452437
-4863940
2208765
-4307271
-4533074
-1726748
7184305
-8178900
7737503
-5647927
5431933
4967430
-9421927
-4653632
-9801861
-4797355
9375446
5330551
-172726
-1604984
599390
-6433549
-5204630
3402493
-4350246
5601092
7960485
6084826
6648331
3397793
-6692052
-2393283
1979137
2853116
3697620
3961150
2469608
-5116056
-822290
-5113921
-3812515
-1477036
-1238331
-9559426
2336318
-7464352
5652540
3048844
1312010
-6452927
-7923258
3292980
7614679
8951712
-4031833
4378086
-1814444
2966761
-7865267
7050821
-5865922
9737190
5184622
-2841820
126447
7534468
-3873245
-8912946
6160193
-2523403
6185196
-212674
7555747
8652182
-647216
2199495
-3398550
1935437
-7847006
-5311904
-1758084
-2305186
9240483
6448492
-444401
5332122
-9205281
-2763512
224272
927789
-5298167
8359546
-1773087
-5359394
-7105196
6014866
2289863
3974166
-8664381
-3989993
3882833
2690676
818538
7074559
5690997
-2028668
5553469
3797555
1016950
-2716500
6971399
6171515
7844896
9612199
3312987
6394727
4323562
3872172
-2733167
-1197190
-1207178
-3485072
6180854
-5518564
7514938
9289949
-6115923
-1410462
-6548030
-6213191
-5095860
-9323387
-1388236
934534
-9910279
-1865274
129616
9880773
6808231
-3378660
8285194
6997972
-3523809
3723384
6827343
1239569
7345837
1204042
-6416188
-1943521
-182520
-5874011
-1417085
-4180830
6857593
-6457592
9306529
-1312590
-2914934
3842158
4774733
-1277927
263981
-3318417
-1338891
8589376
6935323
375936
-6142840
2380689
-5266178
-6038215
7906265
-4027620
4440837
-6207150
-7673315
-7320079
9052680
-449499
-7869888
-639054
1850458
88920
7506559
3000739
-1323563
6931848
1732715
-9361554
4667479
7563496
-1592813
-5802019
1733562
122131
5383465
8993430
8769707
6655055
-592505
466214
-981825
5505398
8797618
-159846
-1950358
9207961
-8108200
-1628109
6948546
-8250505
6708210
-8331724
9073064
7290001
-2855940
-5153665
4240860
7699412
-6844148
-4620549
7684746
-1829672
7792591
686917
-571414
-7215702
-8370586
-5237832
6735295
769655
-6629730
6641772
6686358
5818479
6916701
8652521
4005932
8629423
-8757963
2089031
1728362
2355016
-6043785
-1514800
-2281481
-3474513
-9063274
1624503
-1673544
-3589780
5741930
6147295
2938839
6781277
-6389325
-7765213
-7036546
6963008
7545721
3542264
-8735227
7610227
-33854
2964102
5934512
5061686
9826988
-2737986
1305146
3733942
-1260876
818517
-9065255
5443606
25965
-5040185
-2430535
654041
8760825
-7349366
3959478
9804237
477955
-137240
-3642965
-1278933
-9094756
1976320
-4491527
-9794395
-6183699
-7896822
-7132723
-6639812
-9368489
1470578
7303691
-1225301
1994894
-9785377
-6334203
1874547
-4751824
9460648
-1075643
8448501
4537
-4065184
-6561603
8665870
8389547
3891916
8455507
7592355
-9609471
-5049899
1490184
-5035987
-9836099
-1162928
-8227711
-756647
-3060691
8021753
-1574920
8460002
-7419105
1646029
5320898
2952459
-1061611
-1578980
-3433646
-5984678
5537613
-8897392
4286930
-5740864
-6968342
1199396
-948520
1398037
-8415447
-9458683
4323224
-204562
-5634495
8217360
2395171
-4242159
3230738
2368140
-1971141
-924741
-1441349
-3797393
9838907
-1312050
-8958713
3863486
-6539884
5543812
6345474
-8017347
3442229
5617034
-3603890
-8928411
5914408
7877158
-5491000
-2447294
-3915838
1443053
5183320
-7345187
7608163
-7723474
-4496979
-111927
2781392
-5438452
-527279
-2881304
-4317245
-5639107
-3712379
373988
1694208
72834
7193050
9725141
-1293459
6770811
3198650
-9167874
-6979446
7262614
6680930
2701391
-5330862
-1390966
41044
5700736
-2777941
-3678195
-5105257
25066
-1041601
-1036845
-7571489
-53990
-561566
5258410
4603726
1423207
-659366
-1874082
-7137366
-1078911
-4247414
-159704
-8416678
-298907
-9623303
3654576
-5481043
-6746702
-9501808
2490273
-3212799
-6910972
9751458
3017134
-3919853
1537801
-5530010
4361727
4103727
-5522633
-7611282
-3762361
-6208342
-3671018
2121057
-7391935
9323625
-6246383
1023970
5566998
882779
-2223728
1172479
7553594
-3274626
323304
-5243539
3651865
-2923950
-7744264
-6219555
-2875602
8632907
-3510545
-935793
6262632
3763741
4506890
2289196
-7159613
-6317820
1941750
8266976
4911162
4036264
9287982
6684002
4452860
3075198
-8665131
-9259933
-5051988
-7493551
5422748
-5887419
7631700
-6085970
-3579686
-9118796
-761386
3900975
2203443
-3545130
6094251
6308170
-7399493
-6005573
2444198
5802679
-6704175
-3094767
-3007142
6156489
-3907813
1542872
7512625
6437874
8739562
8424338
-9086951
3169276
-109941
-2443212
-1400285
-6103534
-297460
3837129
-8249471
7715080
4745455
-6141611
2293760
3358958
-343589
8146488
1294866
-806528
5924211
7240156
7801352
-9554390
-8596079
8868301
-8111013
-6745514
2782147
9941864
-9846856
-599073
-7619530
343436
-3751023
366423
-5478428
-2406861
4499126
970025
2521019
-9876153
-9923556
-7493582
-4919948
-1801953
687111
6446089
1779392
54262
6579334
7755230
3617508
-5967649
3760967
7794092
7214827
1584404
-6156726
4332317
-3086870
4176617
-9661825
-319390
-7375403
8068221
6193457
1498363
6376445
-8352509
2059901
-3308725
-7454178
2549532
1078505
2910660
1924267
-3365103
3301835
-6966470
-7185534
4966484
4930765
-6350639
6674587
-4119771
5072148
4092775
-1558544
7836760
-299113
4202611
1779892
7422020
310167
-1220987
-8331185
7029944
6271378
3964794
2515198
-640118
600664
4749648
4872734
-2618651
8526199
-5201913
9253714
3360854
-8050555
-2457320
1113669
7498124
5018274
1703853
8722873
-2422262
-5434946
3678142
-5599137
9606299
-202859
3565660
668112
9567439
-5064183
-31014
2718569
2915988
4598352
982153
1723964
9465080
5569235
2122743
8461416
8885295
9418075
-8277988
2638510
-9779222
5257748
4435635
8652282
-9309280
-7427981
349123
-6229808
4000439
-2465712
-908318
8672709
2597670
-2279530
-3351904
-2692520
-4001614
-5861592
9016606
-9448623
-1364111
-9681337
9562766
8532598
5955481
-8564519
1093347
-3380093
-6419044
2417631
4897752
-2797715
-2869237
6264455
-6932582
6410788
-572026
-5892108
-6835962
3058387
-4181816
-4780646
8221938
-6024161
-8338890
3838333
9986953
553819
-5486701
9278203
-6779475
1509713
6939332
-518453
-5209739
6683420
2272156
9606442
-9601891
9501691
5557945
-6199930
-3416662
8111600
835800
5582391
3655376
-9333310
9151884
-3948438
-804029
-5594419
-3803936
-6432426
-9499179
2502735
-5822216
3690222
-1999460
7525606
5101044
5713663
3791614
3388434
-8565437
3162938
3991270
-912134
1932644
1860389
-2566852
-934141
5925740
-6507736
1458307
6925374
2475651
7793767
1571874
8149854
9855006
5865466
-3605280
-7566783
9856855
-2586615
-957831
-7358909
-5094030
-2257282
-9940258
5744987
-9796338
-3774955
-449719
-6325512
-4993404
-3868922
-860042
7567759
8624339
5914677
2655130
1325309
-2930365
9154919
9877212
-5356847
9736263
-3283255
-3825075
-2076593
7817257
-8558547
-7729523
7930022
908005
-746651
1308231
4633417
1700826
-6369801
6849986
9310459
4883755
-6896969
-5392942
7642426
4846396
6767166
1710923
-627733
-353928
-6519288
-1000028
-9609674
7177317
7626691
6230087
4859293
6822151
-5043284
-514101
-3811905
6054898
-1573685
5180863
9848531
4861595
-5150324
7006607
-1484325
-3051561
-8434095
-1636391
6335309
4722867
2202372
-2758430
-5374346
-4327025
-6584796
-197444
5577415
-437775
2151310
-2268640
-9532490
9415744
-7270253
-8052472
-2392175
3331517
4569451
9943799
6854482
975664
-7137944
-8533541
5243945
4291828
3395556
-4887131
-3701103
-4505864
2645074
3185439
6748186
9923498
-9225946
662926
-6007962
-5604240
-2170928
-4973388
5002612
2845986
-1805984
5394604
3526003
-5742191
-9988261
-4956563
-2932502
-7808110
-4346964
9741193
6634678
3437265
6310552
4063108
449696
-8256907
-4548734
-4221978
5836783
-1419634
-3944689
4984480
-7310045
-5748044
-2560938
-7503641
-3405162
5874722
7613468
8230089
4900144
-5786841
9627309
-2759947
-8235955
-3722778
-3895111
6456088
222575
6243057
-1351406
-7803789
5034200
-7859806
-2148998
-3871937
-9294979
-1479631
2400682
-2136681
1489925
2985915
6080945
-4424160
-6583469
-9443148
6186975
-5565603
692800
-3796225
-2600343
1996117
6166901
1679354
982485
-2692161
-1044225
2130907
2397109
-7969593
-1050696
-3390969
-2861965
6299588
-5888097
-804626
-5101429
-8982672
-5512209
-1859752
8614861
-6333355
1450762
-468931
8408132
-8223279
6971496
-6373021
-9364496
9079657
9935220
-6037476
7844838
316098
-782331
-6280512
1786418
2846631
-1244603
1407159
-9844869
550624
396322
-7425296
7194859
-3535849
4773758
7910616
7941586
4524779
-5893951
-7991838
4648215
6348235
-1496012
-5847922
-5430130
1549338
-1981569
-3175480
-5366240
-3404723
5371408
-6474029
-7509249
-2324444
-6081107
-1591507
-8621081
3601835
2828750
-6078351
2811472
-8931382
-624959
-5106690
-9664102
-2293111
9915360
-9502620
1092385
9991450
1412543
-7768718
430209
5492325
-9960136
6330237
6632089
-8152892
959581
-129592
6753945
8353802
-4316780
-9693844
-5964039
3372699
-276200
-6483528
9102155
5625298
-1727258
-7818490
-9961231
-6982789
-1965775
-9203175
1690820
-1031650
2653292
-3909070
979827
7057039
9805444
-6979430
3349045
-5968192
9060661
8775822
-7348660
9967884
-3188053
4420186
9853382
-6326824
-4756927
-2496456
6316795
2051388
7966284
-8482385
2449894
-1702063
-1238383
-8062669
9335670
-4016553
7533281
1327543
7236711
-463493
-5984745
-7079455
-8559761
-4150918
-6186637
5707795
6010516
-889193
-3835280
9444757
-1663164
6416112
-4996015
7782299
7310564
-7792508
-8366578
2843713
5902771
4764780
-1892328
547074
-3235458
6145058
6578990
7070288
4330685
4026822
3386870
4796474
5074040
4270433
1926784
-3168470
9331782
3088801
8076040
-3033791
6011167
219633
4553136
-1987968
-6832668
-6286291
3299283
1375446
1635148
7708133
7121675
-8509458
4660405
-9041336
-8276299
-4558293
9656961
7505328
-4451170
-696057
-5424697
804080
2206531
647529
9541150
4972552
2983858
-7572635
-7998282
2552834
-280756
7332460
-1097331
-9641721
7685012
-3506124
-7478542
7628010
-9515268
-2666
8348849
6849596
1809879
-5071792
3824722
4298395
2315471
-6111137
-8281378
-8734699
-4914225
-1547031
-1430514
-4509664
-6856948
-5693972
-9182794
4926142
-5017067
-863190
315639
7995839
7806603
-4771390
-8049270
-8221090
-5579677
2479753
-8426515
-7378607
6001917
7511175
6999206
-2224547
928402
2818306
-763061
4825544
-4682339
-9432103
-1472091
496915
-8365377
4227342
-8210015
2486765
5606637
-5651203
-8614369
-4286677
-6544838
9520262
-278245
-9457981
-5986682
-8039585
-5149155
-9735583
-4913718
9276133
1080966
-1758442
9241078
490594
-5710756
-3947678
8030369
6983654
4214235
-9720280
-6886459
6819723
9404595
4357500
-7895873
-7165957
7394296
-8654297
7396201
6234812
2958858
1285668
-8237173
-465507
6172241
-5716372
-600660
252455
-6515300
2880753
-6337566
1828606
-8409585
-860076
2067406
-1315729
-9664250
-1334994
2132650
-2367485
-6936609
142256
-3298537
-4935243
1345862
-4084098
-8076134
-2763896
-2869541
-6235425
1732529
8035407
-8915008
4326595
816606
-4865946
-7396137
-5217617
7599463
-6246566
8246956
-3142628
603014
-4115483
-7379596
-3770964
7145306
-9636144
-9654078
4870786
-3194577
3473020
9483467
4936213
403356
-9988526
-6448613
-3516163
2344284
-2370879
309205
3137115
7849401
8354836
-9169137
5101419
2499350
-4957160
2024687
-1546227
-8982232
-5484699
-1337493
-9177864
-2544223
6246018
4891456
-9749771
-6190647
1608766
253810
3844850
-6295918
6429679
9215333
2368557
7137670
8554156
2674793
1304358
-2366777
7203711
-815729
2032018
-7699174
-8458803
4462099
2777396
-6550120
2842981
-5544720
-8264661
-7090494
3299830
5765845
7360206
6884606
1261506
-7466614
7624290
8920992
-9235131
9141455
-5448838
-7408383
-925009
8808476
8261313
-6283661
7367538
3518272
-7284562
-2455158
4574070
-7686237
5518674
-8413474
-4536044
-8366093
-9980480
1896859
2219370
-2709099
4325551
9079394
703445
-2381687
-2778268
-6407014
6203529
-793272
7001468
-5848298
-2290970
1743181
-6782618
-9445729
-1032220
3820006
-2976748
4123089
1253619
2165893
4096443
-7474428
3599494
-8545043
1001171
-2470902
-7241288
7008689
2345250
8595288
-384871
-1843536
8141311
230779
8000295
-4581958
4974153
2437824
-8741620
-3787591
-5858993
-8545924
4950230
-4330698
-6286854
7968680
-7104536
-4906490
6151720
534513
4239670
9332011
6662251
2679671
-4792310
-7189057
-8238352
-1368861
8390522
-288108
-2645590
-6263502
7418872
8899244
4592545
4346815
-4458970
1908659
4052654
-4276833
-7235861
-9179530
-4672635
2805740
-2040532
3502265
-5866589
-5716891
2156977
-7163277
3379701
7557100
9254888
8327792
-1858149
9744522
-9725829
319255
8290911
8353382
9387763
-2199053
1198832
-3595888
3518906
-5009588
-3454505
-9589674
1520379
7786938
4668432
-7966528
-5741843
2355460
-6050735
-3616354
-2169134
8307708
-3837337
-346095
-6957992
2660463
-8498523
-1860564
8898065
-5950550
-6425386
-311079
-6549208
-1220950
3421413
-2642220
-2497877
6668937
2447519
4598906
-7593107
8672998
1015546
8374880
-6905919
-3684120
-3954546
-2982838
1533307
8251101
8918677
-1013732
-5118312
7537079
5143771
-2485618
-2109207
-5371356
-1033862
2173663
-3488121
-1030098
-2301871
8986315
4636954
5936545
-9665002
898517
7977021
-7735252
-6291568
8609820
6639963
950084
4288130
-3104373
6215916
1536248
-5369280
-9794104
37992
6063758
-1700292
6914705
-2999429
969651
-5543532
-7877700
3577176
-9093693
-5273194
1402621
-7732410
-5851161
-2549325
9044092
1510035
6265078
-7089060
5650010
1240064
-4271404
3872433
1673723
6359252
6753099
160137
-6608489
-8331897
-5724521
5142591
4956776
4942180
2606087
504391
-682249
5000493
4631349
-7739343
9429057
-805826
-4433214
-9967786
1084888
-2889848
-7241236
-5731344
-950640
9932612
-1934041
8419276
1852389
-9729700
-2991457
409115
3314313
5417443
6002463
4427450
9764757
-3781230
-6925711
903233
-2422388
894365
-9741290
-5710805
7307689
3471026
689353
2066330
1855456
-7840396
9090386
4831085
7213121
9236421
-3578468
830415
-4578022
6910662
1162792
4608470
-2543239
8473088
-9126956
2762208
-7414837
-1300394
1208066
-1316281
2998534
-4540555
-4900099
5226670
-4692352
6935884
7096890
-4044719
-7285991
227512
8080609
8280770
3626738
5556997
8605050
-685569
8777334
9900491
6307946
-4511685
8380404
-2257203
9819847
-5707709
2368007
3043957
-8421858
3862681
-1532427
9563856
7802384
-2035431
-3055216
-275248
-1560573
-9340156
4168295
4101023
590593
3050551
5954719
-6789867
-3661503
-3735654
1683778
7705617
4615570
8542937
-5302568
-9603750
-414185
1508334
1025023
-2405056
-7563867
9797269
6910040
-2300182
634690
4214032
-3346615
4690353
8960503
8823961
-7991608
8226173
-1680038
9037587
-6715118
-9291636
4279821
4677001
6564650
3225542
6698554
1093439
-4189123
1202526
5881323
8271698
3534247
-2435861
7234925
-2141689
8884833
2602942
37515
-9647355
2251634
5149157
447192
-2982700
1845775
9392949
6833408
6566287
-9841479
5339048
4700156
-36393
-9134092
-4730825
5607165
2968339
1322208
4243302
393876
3308951
2005573
770766
-8633762
6172047
1060888
-5293997
-6772749
6273753
-8819766
106625
5929013
-6196419
8862365
3363830
2724947
-2526833
8143977
-7315288
3573006
-1027903
346444
-1907384
3564596
3513235
-7547513
-9205396
-5401266
5760309
-9962570
-6018279
2684512
-7267483
5937655
-1883260
9492845
-5167486
-1594766
-4713457
317945
-9320258
-7259203
7247808
-1480459
6766626
7187923
-2928250
-9181791
5183655
-8056529
4795123
1762475
-1540846
-9561152
7601978
6921473
966813
-3282701
-5395666
496096
8331419
8026786
-1357284
9594407
-254285
883848
1162526
-5549924
-914273
6726981
1775790
9848070
-8218764
-5280166
-2291948
-7154123
1879036
5806110
-8929256
-3853071
-8320301
5816296
6015521
-6711417
4092826
8663080
2626925
2178624
-90499
4689549
8498542
4464156
4702857
-6502211
1745500
4328181
4886309
-9759441
-519808
-2272600
2302055
705307
-6243213
8570959
7585227
7011088
1250129
1710149
-2048416
8057775
5224616
3873432
904642
-9416047
-4247919
2091487
4330780
1474132
-5778972
-6501238
-248333
-9962512
7223207
6558652
1678374
-8926256
-4982013
-2248905
2247276
-6172288
1756922
-446636
-8598839
4264325
4054942
-413976
1003515
-3174576
-6414197
1597636
3021037
1731748
7184709
-5273017
-5499335
-7105511
-7056340
-5206519
8263373
-7145661
-2544975
-4579696
-2972142
-5460651
-235578
-8267870
-108167
-7854155
-3281863
2683940
-8717746
9572470
62403
8950969
-9744142
-6740219
5232799
-5758133
8612460
812
-2629472
6312940
-4737448
118911
-1320502
-7833619
3495439
4575241
3907357
-2216090
-1962408
4825965
7546562
1735687
-5484823
-2106594
6870969
-4344563
3195204
-457650
6649027
-4350076
-4840033
-8334333
7636121
-4178412
-8409789
-5729989
-9886337
-9466561
-2644095
8369646
-32530
-2558019
718788
9823793
1441121
-6187939
-2656146
4694582
1352778
-8909302
340025
-677228
-8925031
-6473063
-9745590
6809580
-473525
8172554
4497780
5627
-1893116
-6458762
9575800
3058131
-4933617
5922382
674051
-2599758
5364211
-707409
1377785
-6924799
4488595
4059172
9712196
5799236
-5275368
2550230
-576613
3177768
-6668284
-9334715
-1121766
1425936
-9111322
-1940989
-2408821
7233420
-5265312
8931504
-9203853
6232840
-6187398
-1251212
767029
8873183
4782149
7136219
-2144116
-6953018
9707031
-9166426
-5170693
998016
220201
6145409
4664258
628914
4418171
-7610427
-2991423
5322346
6740306
3670297
-3218730
-9489491
6279169
-5554483
4240768
-8377223
-6591563
562045
448266
2271873
1597495
6486497
4880191
-8964370
8751945
4336894
-1692232
8464469
1603518
-2503480
8993043
-5887290
-3543913
8484752
-762024
-6999650
3021057
333593
2446295
6766258
7563516
-8127511
4818191
4625200
-1936557
-1464610
-4018079
8309459
-542775
-8155270
-2301096
-3271864
7725816
-1872655
-4475020
5329939
907520
-3278423
5650494
-3643966
2698630
-5900140
-3170309
-7248165
-789293
-1113207
-9814773
4204686
-8945319
-6496086
-1569434
6784333
7071420
-7937600
8267972
-5452783
3994101
-100090
-6664646
9658222
5886616
6434300
1891254
-8481664
-5207304
-1060245
-6039131
-6627507
7386321
-3204562
-4920645
-6897791
9533040
-3398141
-3619474
7847590
2374611
-6687513
-2680159
5181616
-5764812
-8827070
3778959
-7933222
-4540612
6091116
-272415
-8599463
-8595774
-7454059
1955844
3527620
-4627560
4134261
-3262910
-4219054
-7341501
3647801
1740256
-9234763
40515
886698
2309538
-445630
432734
-9404886
4517441
1303009
9791634
-3500163
-2613148
1269398
-6930607
1740496
2044958
7339688
-4728538
9361555
-2476413
-9735550
-952846
-7243589
-1860923
-13428
-3331908
-9498303
-3396798
8979555
9490915
-253092
1264997
-8499072
-7786462
-9889778
9784311
-4358384
-2509953
1401631
7020337
9270115
8315793
-7299509
-9129768
-4646057
8727683
1103519
-4765943
-4407589
-7162309
1839210
-9581095
4636592
3677666
3079172
1816072
607983
-9448664
-7825411
6878188
8127425
-4933071
-1401408
-1342700
-1577297
5668865
8855027
3987665
-605211
5465557
2726773
-4915209
4836841
7392949
-7655974
-2968186
8187528
-4466789
-9128239
8280498
6089524
-5899190
-6270018
-7950024
-8892912
-7864110
5820485
-8227305
5486104
-3508073
6356826
-3771355
-5479990
5304439
263058
7357350
8054398
9427155
-9192720
-9021436
-9224528
-4059
-6242675
5677804
-1490713
-7686251
-1404695
287808
1427930
1161195
-7106756
-7270455
6284594
-9096571
9163592
-6863863
4183224
-6543383
-3657654
5566190
1531067
-2757474
4652192
2254552
-7473754
3926539
-7178357
-4057267
-2936275
-7941588
3608898
-8198623
9300315
-6379236
8070681
3698510
8237895
5957271
-5656913
-2793994
-5778498
-9657006
-5268082
-5982988
-4949082
3735558
-8575268
2122889
-2308761
8333321
9084587
8792210
-2585416
-8859672
-1640768
8994140
1337344
2987464
5429933
3632228
-4418964
-811438
2146066
-1314743
5753398
-9023131
-2450441
8239266
-1463532
6988896
9218362
-9573065
3933452
6272770
-5888656
2526863
-7827275
-9462621
7865712
5487442
1103035
-5245560
-1846386
3082250
4827121
8620003
1864551
2223413
6931501
-9786169
-2275757
-2898530
6676592
9376267
3892111
9919000
-9547810
-8251616
-6814958
6929339
-748440
-8196198
1378373
-2561845
8076936
7904481
5668657
9978708
-972560
2089912
-9830431
61737
8324864
7414412
-2971448
-9630176
-2013599
-6835155
-5732521
-7917838
-754249
-6908301
-5085393
1163391
9512987
9581336
-5942633
5858064
5156776
7451981
-212862
4875852
-9262016
-3834828
-1457920
-7766066
9960244
-3084558
1627904
-7172362
-7918419
-5880636
-611174
3741415
-6691680
2249443
-6661475
8442419
-4932770
-8491529
8052289
-1651269
-5014981
-979918
7010108
3250973
-7402087
5898511
-2671631
-7196961
1677912
-939075
8831989
4567055
-7094378
6743304
818836
-6071677
4764972
-1324018
4508613
9390967
3859305
-4303918
-5306877
7157801
-2168465
5293650
-7268978
-9715153
-1854119
-754577
-3018458
-5244134
1557046
-1261617
1137459
-9989702
-5720905
-9406876
7543652
-7554491
8986951
6403022
4765546
-292474
-8496422
-6918936
-7697574
518146
6824635
-5309372
4916134
-7908735
6655549
3559995
9127952
-1976524
9372917
-6504834
2761390
-8165053
1868152
-2085252
-5517400
-1763624
1596263
9743792
9758932
-5316909
2776614
1669929
-1452255
3744883
-6475137
6975680
-4626530
-9265069
-1175018
9015079
-9329456
1157830
6283033
1964070
4769814
-9191832
9809226
-1617518
5935254
-9623711
7313902
-2994633
6118754
3400713
9649251
-2607113
8155965
-9330272
6801570
4027752
4347257
-3480503
-298060
7929954
-4056737
4562177
-792545
-9968394
6820255
5456877
-2372148
-9292677
-7743614
3984586
4139301
-6799740
-8240672
7411285
-1251893
2658756
-444942
1911113
-5880000
3359488
-2783016
4971416
6847937
-6803967
-77146
-3939419
6600045
-1228874
-9432379
-9692295
-500727
-7158382
957971
-6689522
8293043
-172139
5527505
2669922
-2448321
-3192432
-6043017
-876799
9959919
-7942283
-6375265
-1853529
4140853
-1781004
1632585
414889
3903422
-9263049
7726795
7140817
2000989
-3524125
-8540510
-951018
8394061
-310458
7198917
188339
-4978189
-5528442
-6892386
3452522
3487903
2168757
-669728
-7620674
-3994148
641796
-2455080
-9610057
2273536
4083314
-3309687
1924408
8858987
6536568
-263562
1434271
1937130
-1172795
7955668
339287
471312
1881599
6839912
-9733290
6091820
2993738
2202626
-3532191
-2354802
-6119468
-3355144
4518095
6060591
-9107070
-4324074
7386313
7256675
7648640
3345865
-1904289
-3379493
8502133
-7120539
-9480248
9628457
3393571
6213158
-8894804
-1544751
-3397420
-9431313
-6576092
6205100
5739765
3212925
506057
-6076270
9335369
6223184
3572282
9732724
-1346159
1031145
-7143471
1348406
-9102571
-3829368
2596457
4927231
-5766729
6898667
-3505102
-2229564
2884304
-7760282
1931298
-6351685
-1125505
8082570
-2983440
5300914
156129
2215712
-7731172
3256942
8048833
5573937
8270324
-3653150
-8644556
2575469
-239030
-2748660
8574692
-915990
-9540943
7698609
-7460594
-310673
-3780655
-3656885
-5195582
-9209654
-6446861
-2642576
-5058920
5750732
-5690377
8047281
8863246
-2165839
3493434
-1789011
-4276255
9406282
-2236737
-2851604
8662805
5434177
-3131451
1793360
-896565
-4796420
-6007879
-8156980
9561368
-5955983
5071161
-1440688
-7587606
-8153502
8726676
8884169
-6361974
2266467
-8280701
-3944681
9246334
5849548
-2184703
-9577410
-2665384
-583547
412801
-8462908
1043984
-2652753
4076078
-6024063
4018123
9571879
9156154
-3747106
1130276
-1913237
2257943
6712168
-1854752
1443650
3639016
7998354
3695222
8779858
4770291
8667441
-2086942
-842678
8311317
-9086126
-4759973
501812
-7184836
4663645
6314790
4727513
-1020150
-826985
-651230
-425577
1144144
3376264
-4826262
2580352
7550045
9496207
-4646772
8041872
-4058594
-1251315
7585712
7520137
-4162674
1562045
-8726976
-2793119
-6849581
-7013645
-1081431
-9369311
-3299580
1430004
-43185
-3187529
4466419
7280032
2672471
-7858607
1458171
-4197262
-1902909
8707164
7471061
2216149
-5693840
-4970980
-5683241
2467998
3379542
4715516
-2424564
4054326
6798220
-814189
2422387
122573
-7363940
-6301430
-6822432
-2529504
-4539200
5558714
7245151
-4499057
-2886790
8080804
-7058030
1415374
8302169
-6333408
-4771118
1548833
6780987
-8061435
-6115128
-1983061
1646150
-7528257
4814366
-9931777
-2867276
-5048641
6706984
-5118723
1612846
4433263
-1555407
-7374437
-2835158
-7449276
-8983708
-6051508
-9474362
4627240
7604697
648772
-2187784
7777777
4029334
-7691115
2469156
5388625
-3147126
-4375511
4673383
-3575837
-8041588
4550290
-3290790
-9739149
-428271
9414736
5216779
9336890
-1026923
-7576146
-829343
2301583
-3109209
-6781580
-7190374
-3234398
6652648
-2500475
-8339843
-264959
4750040
-5670671
-3312281
6760111
447546
290461
2307648
8234151
-1627255
3817315
-6871217
-724714
-6702326
-8332685
-7710372
-8621828
8540146
9088681
7985903
-4817212
-6614675
9827551
-223536
-2451767
6409005
7811839
7154403
-3372454
-9579769
7513802
-8297066
-1208591
4092567
6597394
-542739
9041695
6060578
3198490
3012518
1437811
2036574
5341597
3324078
5794907
-8005231
-9653245
-2470834
-5655575
8200064
5779927
8691931
4268613
-673669
7191722
1306252
4238976
-9537463
-7099281
-325869
6484544
7232228
1483710
5567189
7433301
4594517
6333440
-5274924
9839413
1284610
-8634532
2844189
-2509500
9961923
7104934
-5504087
-4198463
5072802
1840117
9615002
74832
-3211490
6009388
3977069
5001239
-9748274
4014003
6503840
4202358
-1076241
-9575776
-2865941
3805205
-6856744
5015103
2469046
987482
-94641
-6763827
1729452
56588
-3670048
-2408362
9109864
9274656
-3237489
-5605152
1731258
-2820199
2782327
-8757923
-720737
4956026
-6244707
5969025
-6621549
2922624
-5857318
-6969557
2220114
2262068
-2161174
-2721705
-8236742
6843997
-8487162
-8401512
1257901
-299751
-4836889
-7098080
-2065375
9563388
7085184
5795821
3322528
5380881
1159220
-3192955
-230947
8893429
-8752323
-9763439
-4731843
-9040158
-3171356
-1091740
-8442397
-325501
3371833
-1964629
1144938
-8888026
-1717581
-6494002
6747559
1251276
-1451351
-7798377
5266495
-9633773
1661315
662354
3025919
5121131
-1190219
-1508045
7832165
4299093
8265092
-4538667
3485356
-161039
6074527
5406089
-18055
-1976813
-1749847
-9978903
6393369
4468331
-4086306
4426357
6441423
7497134
-2964307
2663038
1220124
-582901
1484904
1811957
3944737
6173445
-2723882
5334249
4257876
7052380
5795169
8467788
-2259338
-4923801
-2127451
8843380
9261046
5598436
7402533
-7305897
4517964
-8176553
9805232
-4507030
1580279
1328567
4384872
-7077219
1314881
6789098
4511878
-7549080
-8435998
3409254
5527618
2751535
8985923
-3685338
3067260
-7127237
-9317398
-3836559
-6004547
3245092
-5623369
9539681
-7425812
1533212
-7739823
6515801
-1707116
8539239
-5558009
-3503128
-6881248
-7987487
6290081
-6392192
-1157137
8334253
2032978
5253697
-5025236
3030722
6738585
-4491236
-377959
-9124379
-157416
-8382329
3511238
6017890
-8583960
-8926463
8205818
-4534904
4870105
-9259366
-9233283
8174672
9389685
-7900920
-1280708
-4459863
-6202495
-1601397
8584004
-4831168
6877768
4877103
-4609186
-5592745
7140362
7378798
-6100607
8591462
2603945
6918896
-2609000
8624147
-5260455
3016403
-3938964
5450871
-4558629
-1247884
3907982
-2101098
9711391
-1290824
5778098
-9476812
-1390845
-1288773
6332730
353294
-9632542
-880581
-6177151
381209
7020776
4606946
-3891224
9295910
-1415081
-8900322
-2750300
8762648
-6971459
7941786
-3801696
6862560
1261395
6604763
5340077
8336768
-5380083
2319036
-3684422
-366242
4678803
-8723514
7174253
-3261491
-4161818
3817422
1042608
6021901
2515666
1946007
6214569
-4637058
5198289
-7135551
-7924090
5578020
9308085
9474727
9031456
-707623
-4988457
-3465756
-309794
-9720968
6173496
9930860
-4739733
3740617
7700068
7344689
-218385
9680837
-3169563
-2243660
7537280
1352560
-5448779
4631946
-1928296
-2857129
-9473226
-8559858
-4164170
-4727438
4105794
9479720
2818882
6155819
-8929898
6045727
62419
-7664854
-2580955
-4319538
-8357735
-14361
-4201513
-7165835
-194187
-6402935
-8621986
8958478
388397
599049
-4158178
4210079
6716711
3499766
-7098419
-1679652
-2169705
6491449
-1389981
8107189
3634774
6225423
8414932
-2563401
9039051
7626135
5312624
-5341928
9069024
7506904
-9671249
-9099270
-6103775
1166153
-6713900
-9989559
4337301
5923889
7855120
9970895
-7067777
-2515904
-4720174
3995404
-3800694
264666
2943665
-1932074
-3818255
-8304674
7631077
9711059
8583687
-433269
6346521
3238685
-2292483
-5160815
6940205
-6638665
-2222756
1039769
-8807232
-3459589
-5926158
-402170
2261472
8857965
-1404071
590534
-4904466
-3510353
9752592
-7273683
-799436
-9759659
-9538151
-3040118
3748250
-8714975
-6424884
9536859
2441243
-9296820
-1514738
-805445
504703
-6925034
1401238
2691612
5203068
4746434
1266049
-9662252
2757503
-913271
6545166
-2429720
6385794
-2992152
-9757080
7701273
5509509
-4313146
8895085
-9800397
4425988
8888846
9791823
-2034706
-9577534
5932011
4744610
-7637879
7446426
-6308295
9665636
-9397919
-7832473
2623753
-1133507
8682564
-860775
-7771722
2382235
-5887074
5336192
-3239036
-8687394
2502952
-3352134
6871439
-1469395
-5173561
5853243
3882835
1683781
1064902
8685579
574200
-3543664
-2705046
4877777
-7179452
-6621717
-8856461
2534117
6434287
3364652
-8535849
7605488
-8068603
-5686863
-9482869
5595932
-9142375
-9683508
6387639
-4277212
6119857
5001386
8178610
3455286
1509468
-5093735
-5678349
6411764
4219474
-1631098
8273870
-2665760
-6084446
5676699
-2945717
9035151
6851036
-5055392
2325655
-6592498
4620018
9677145
-7560290
4247449
8958484
-8441559
-4834811
8172175
-2253287
-6864826
-3521023
-9739207
7978028
1976593
2266877
6180816
-8615874
-487248
576769
-2716194
950339
-3400891
757118
-6322908
3169796
6413119
4885851
5605629
-8297565
1006669
8756745
-3348257
7782771
3306410
2445898
6543201
3344901
981655
4991747
-4189856
8808985
-350196
-1384551
5979436
3350402
-5469704
-3141896
6432591
4756631
7897307
6839897
308869
9290229
-6695568
-3777001
-2099727
2512176
1502557
4991498
8752217
-7293908
7643808
8311929
-7458370
-6624776
4710204
-5131551
-8419836
-2750180
9806132
3568193
7098323
-8911548
8409628
5581104
1152809
1611244
-7519498
7667433
-4997028
-5075465
5356586
-8582384
-5111725
6968828
-1688483
383508
6132627
-5275651
-3853949
-6560551
3718797
-7060004
3466456
5098395
2998255
5589613
4916996
2696900
1890304
-218766
-1403081
-3351209
-8294684
5534148
9121411
-2040081
-3188267
88574
9058555
864126
414611
451129
-8001844
-5153926
3139638
-8709547
-4443835
998681
-3800283
-2294131
-2101108
3576229
3146719
1726327
5033056
5883906
1121894
-2025198
-6448003
-7547992
9893652
5703842
-2649488
6245787
9860227
-2398480
-9273658
-4939659
-2990339
-1598935
-9047366
1365133
9970009
-5219741
-9551380
-5642857
561283
-6784806
-3982385
-5038379
-6410917
4702795
7167871
-2056576
6870988
-399135
-9819792
6462932
-4664002
-3392998
5097836
1233620
6637888
5667777
-4393638
-1252389
-9945480
-653832
3056523
2781813
-9314338
7924788
188597
-7598650
-6514245
3930436
4295551
2874887
-3041910
1393867
4587064
-7773862
6127825
2671972
-6112897
-7007322
3770497
5539645
-6540227
3931299
-8764907
-6428949
7711749
-8526375
-7521155
424483
-5346552
1407543
8923269
3273003
-9323525
8639662
5733193
9610467
-2964128
-1192445
4952622
8394057
-9779998
5148988
948849
-8901832
-4728132
6821326
-4241547
-6171207
5806807
-9127729
-7255634
8009838
845564
-1292635
-6793178
-8619060
-4852734
333159
-4452631
-2676362
-5966629
-4156869
1437491
7609389
9842683
9369883
4717648
-6819999
-682605
6357114
5316533
-9552489
9033844
-1901312
-5484367
-6346396
-3653916
1192721
-7840278
-4176411
4697833
-5887705
5166173
8576689
-9529465
-2669811
2570341
-6507192
6476998
-3023974
-5440250
-3337378
-906706
7519359
9496612
283418
-7836797
3527227
-7261060
-3478725
-1832470
-4357028
-4592688
5210400
-4622970
-532135
6519382
3478653
705197
6723554
4349968
-38541
8063137
-1649356
-491820
-299964
-3311391
9799557
-9726470
-5237303
-9754792
2096932
-6015413
8759982
6574109
7740706
-3505121
-8737240
-7901749
-859809
1677230
-6166382
276847
-3628304
-3763863
8308725
-2972667
-8131430
-508760
447439
692499
-4811898
-9438549
-2981487
3075044
-3397210
4448596
-2861540
3637962
9317138
4787914
-3459048
-5473611
5079743
-1421605
6963781
8902852
4596068
8477852
-8509038
-7990162
9050344
6888204
-1947634
-4491306
-9729298
-9668793
1001615
7346504
6424624
-1106023
2636914
690994
4680790
6628030
7259434
-115187
887118
7076796
1232121
-9780612
-8274683
-7464613
8344344
3671941
4994487
-2034575
4320034
-3425003
4402706
7551630
9113486
-3978132
-9941971
9326029
-4466079
9422285
-7239510
8183138
3809944
5941902
7803223
-607249
-7875932
5937910
9061127
230480
-4943971
220985
-140202
-1690329
-8223116
1587151
-8453628
9796540
-5945706
-8521059
-8765321
-2043282
9663174
7412674
-4843979
-158144
-8650465
3021873
-9064279
9961349
-3047072
-3639903
-8401283
-6587033
-6689715
7919819
-9119677
-9019477
1973459
-2738130
8479616
8578973
-1842313
7146499
328334
-178996
-5398862
-938872
-3254231
587908
-5963691
-9511186
2247832
-7721973
3026178
391986
-3168827
8658233
-7964561
4217901
-4740507
-6292499
4487265
9212233
-4574356
9428630
957645
-990092
3036839
2848611
-5237811
429354
-4983024
7844420
5559174
9786368
4851843
2793217
5890939
-8658990
593074
-5353206
-1376464
4983643
-959187
-9811998
9658237
-2594913
-6965480
-5764823
-5791884
-618909
3724783
-4434588
-8790883
4031088
7876923
4369381
1951260
8439344
2946845
2776767
6317969
-7916865
2838702
9004961
9062570
-5425059
-4467854
-7071858
-6854104
-5258952
6984199
-8665482
-1051557
-6436586
-5269550
5745681
9266778
210192
-8433253
-727463
-8988068
8615175
-9980422
3146017
893466
-4899749
-7942652
-4865901
5564283
2452603
3145762
6318444
-5168899
-3555632
-4712383
-2696298
5937401
7033713
-7471915
3658280
1028449
-4265178
-286446
-8848351
-2467990
4909783
417219
3280554
-2924128
-157909
2390368
1976313
6439246
9066454
-327705
-1261399
-2382884
-1272801
1303764
-1909304
5665293
378562
9028438
5385776
467504
6126118
-7857151
4137811
-2248532
2180070
8764511
-3134625
714704
-6611992
-7523437
-497651
3167780
1297364
1942400
9314627
-9364785
-45690
6468177
3854088
9511153
7335515
5608348
313561
858028
-7681584
5809765
6172040
5823913
5289734
-1591152
5259614
-4000393
514565
-5495492
4777699
6392925
4272060
3536711
-3289492
-9287441
2601434
9829679
-8214896
-1691460
-186310
-5463495
-4122724
1047052
5721024
4510515
-842166
9413933
7668318
-6928220
4340888
-7952475
-7829476
-1276624
-8861754
2003130
-5690414
3773096
-9811792
139373
6116830
-2036679
8232336
2899258
8493715
-3128250
8466121
778133
-1162669
2384198
-8468815
7914367
-8207980
2254556
9926837
-8484826
-2593399
-4776393
5859122
1747626
-116474
-5445283
-4768462
2514584
-2419795
-9368706
-872021
3174878
3401963
8717092
2835757
2089913
3515720
-2452203
-5278845
3749086
-5095970
213415
-8497718
9163784
-2792564
5991913
-3414514
5142972
-7893957
8818307
4386256
-9436152
-3762209
8952039
9817019
-262267
7386115
-8311964
-9219134
6977883
7254695
4064662
-256673
-4057048
977566
278493
3422765
9928225
3403875
7215043
2572275
-6813516
8952727
3678742
-8163834
-9589530
-8158546
-3334843
2159793
8848828
-9324606
4092000
4544398
7406540
1667053
-8015612
1891744
-131700
-3911968
6907221
758368
-4038631
-5427599
9087150
-9958016
5597836
-1787003
8607254
-6593297
-421829
8065068
-961139
-7009898
8536356
5416315
-8414348
9938161
-8575242
-9412576
3947400
8870303
4884149
5754820
-7222464
6570760
6165453
-644799
-974528
-7510983
-8767645
5171494
-1280865
-6354188
-3992465
4219556
-2958762
5681559
-253807
-6155417
9685445
-7921576
-5890686
-8396760
2297292
1494216
6905658
-1693801
4319579
-1767060
-4393154
-226585
-3727875
3268400
8969899
-8914069
-2256225
8549636
4356957
3983441
-7177771
2443027
5655280
8769410
-910809
9793705
-3792063
3799994
2123057
-7900552
-2709978
2641122
-464218
-2356669
4798224
-8978871
9271377
9163644
1101823
-7232862
-3343686
-7161779
6162611
6231362
3685239
-403386
-2330975
1167502
4249154
-200980
8063605
-1504492
-9855353
8056738
-4243187
-2026071
-1711551
8847374
8889586
-1523277
9751621
3786588
-2801642
1927920
2549757
327109
-2329627
-9106850
3874302
-9991529
-3279389
78875
7422718
-4674972
7611957
8944197
-8467879
8931859
953863
-5190275
5890975
7823385
-1020401
9321898
380951
3823927
1706248
-5265340
7025062
-839838
8509784
-4834285
-2832808
6315171
8780751
9730880
-4206552
4693503
-1342689
8201137
-7424256
5980495
-5973445
6897315
-1427752
5996607
4207142
8445455
-3569620
-8924454
-1960600
-3106327
-522771
-8438879
1529938
-9857296
8878914
4359685
3911816
-6695254
-6709869
1964999
-2273868
-7882804
1752312
3116791
-7150568
-3215391
-4443716
6506456
2861794
-5124636
760403
4557661
5064512
-1326366
6524055
2385639
-7838083
-2303925
6585447
2304545
9125372
-4440003
-402878
-2980012
-6397578
-6018214
7939023
4230103
5604739
3578018
-8799452
6592038
-2676183
5203803
6735374
-2631576
2403252
-8661880
-1404882
-1742798
2901107
493297
9547372
-3844438
-2043478
-5475390
-9361316
-3157011
741552
4485064
-3501866
-2501830
7468600
4231835
2108922
-2591031
6323965
7095118
2782316
-8683746
6066461
3669570
1305726
4481424
-1321986
-3403178
9544848
-2921775
-3353691
5564524
6079947
5763837
-9929015
4550205
-8309050
308861
7116831
-1359618
-984738
-4232720
-922877
-7466044
1124694
1911239
-9403550
-6242383
5917285
9889333
8392338
9073037
-2782754
-3869950
1719560
-9948337
-1750779
8157402
-1854432
9017929
6181058
5560710
7639560
-4521484
-38236
-880920
-4688079
7392306
-9680931
8716833
-2578854
4059137
3471864
-3792752
1442289
707699
-1479356
7837356
-6901844
-3219028
-4930082
-9344040
5927268
9314811
7212259
307712
1430831
8312480
3900524
-2802828
9076739
-2082923
4017286
2862892
-6282529
-7349065
-694556
-8556853
-5866359
-7177429
5826714
8831247
1594588
1871912
-5816840
-8077290
9324746
-9224847
8089794
-3274319
8312717
-9490285
-2284492
4222407
-9504469
-2702555
6359129
4851578
1727234
3362449
797837
5940411
8002480
-5580131
6887171
6211825
5827587
4455878
-5833376
-6726705
2399217
-427372
-3163356
-9514669
-7660233
-2910680
5392624
-5093421
8547330
1296197
-8257816
-8045243
-1988588
-2804052
-4063386
9839834
-4758332
6007651
8622160
-9214597
-2029300
-4116967
-5843928
9159073
-7791911
8267618
3351844
-7530097
-6578172
9951193
-2234342
3575962
-9359636
-5272323
-8499385
-3697353
-9418057
5690333
9615370
-1639409
8688230
9087292
3237316
5896681
7577824
6077261
1618820
-8331425
65848
-1972799
-8871011
957346
-4970054
-2073785
-4282215
5207662
-718920
-2766489
3340070
-5378347
-4176079
7840911
1909082
-6022616
-5537291
-5082120
6403686
3042002
2893476
9580525
7720838
4905581
7613929
-9342827
6529906
5372511
6431766
-5838276
-7679491
-2646959
1210038
7413226
-1681489
6606281
-1831109
6050436
7531410
8957122
7645251
-3533289
2614606
5945999
-9324183
4565141
6826204
-475528
-7328139
97070
2812825
7569036
2642037
-5156684
2747680
-4350681
-2108998
7445007
-7116285
-4437605
8210672
3960294
281952
9147858
-9605567
-6017745
-8418692
1139223
-7963597
-7566183
-5199368
-9517677
-3982938
-8516650
8128771
-3802144
-6172927
-9060901
8059324
-5588860
-18666
5254774
4596892
-35481
3554706
-8664721
2156857
-8922550
-8474452
-1027382
8925135
9693295
1799508
6854465
5649677
-6479487
6786043
4600158
-3379787
5974060
-5874480
-9953809
2302400
-4964059
-715300
52161
-3073302
303870
1593638
1867198
-4798421
-4503210
-8673713
-6130269
-5574104
6059596
3229420
-7994969
-1764054
3690587
-1476517
8906962
201850
5334039
-1368486
-6743918
-1981895
4865989
6446781
-796158
7038964
7138397
4549093
-8554552
2075126
-7604840
8930055
5427582
9629681
6822053
5958950
-4749272
-1639274
-6792950
7319290
-4528491
8763268
-2938286
9296242
1283546
-5580027
-1092584
-1207974
7255790
6044696
4724836
-8004051
-8417324
-742350
5159812
9679295
-9709708
-9121226
-9636538
8824032
-9817329
-5612458
-6676979
9368623
1822490
9183594
-603391
7912441
4280240
-4833331
-225487
-7709504
3285872
-1544920
1824161
-5438198
9419923
-1741740
2597321
312540
-8504270
4575822
-2959913
8197844
7166196
-7633592
-3942871
-1942057
7546599
3352901
9572765
549600
-8805392
8221815
-8262263
3609143
1913647
236438
-6556533
-4385550
8914849
-3794413
6140050
4712745
746813
8610163
-7239974
-2645902
-5063812
5472920
3965096
-4887650
-4262585
5970743
8229810
593137
5321658
-4536518
4176468
-248884
-3816053
8103549
5728882
-6334925
3391563
3593681
8244832
-8087051
-2204776
-8622887
3867098
-5771059
-7985090
1746474
7989502
6644389
-8455290
-6126418
4644835
9201789
-779120
9215498
-2485669
8644928
-9350251
-1953219
-5323778
-9661802
-8318279
657241
5921169
2311610
-8625531
-6527535
-3166866
7706919
9853319
2638374
3202365
-5207675
-9754236
-5470660
-3865667
4839086
5271140
-9651791
-1925457
-1825238
-8037709
-5944681
-8824031
-6106959
-8476781
9018647
989485
6094725
-4733516
385300
-3280611
7193991
-8704941
7035522
2611801
9263035
-4391865
1545226
-8694645
5391381
-9008793
-9845436
9118579
8284871
-2981808
-4958215
-8196510
5758306
9480245
-9665105
-3068342
6506314
-1278906
-2971956
-1586714
7863259
1783506
-1291951
-8821820
-4791514
-1551366
2738074
805112
8472770
-6040219
674621
-1218408
3614850
-4403189
5273358
2832135
712842
2249691
3129035
2697272
-1452617
5800961
1847085
-9105505
4981256
2966243
2233244
-4746410
-6022656
2831655
1927994
-6304212
467163
1106457
-5668227
-5584976
-6595362
-2505089
9475898
-5423116
-8145447
-8633379
3279528
3042137
1850682
8932947
-4675337
-8500103
3450411
-2538879
847248
-3729296
-6235308
839571
-6052955
-9364987
-6263809
5269229
4683786
6790336
-3936652
-1526999
488873
8569203
8409761
2585677
9778488
-8638715
4843475
-9146133
-9316431
-5651084
-283656
3858694
-9922639
7001811
7928693
-6996852
-9598867
3327418
9096134
5453809
-9931802
308068
4484497
-8730162
-6701822
-7799906
9500393
1003639
-3340038
9470368
-5014991
4324156
-858637
3691184
3045729
8599994
1680982
2655758
-5128102
3247683
3230312
-6829875
-7291653
-2893429
-7881912
-5767995
-1624863
1575916
3237796
98923
-1162419
-124134
6891247
-2591131
7436963
-7517300
-5140669
395605
6872675
-5341260
8069933
1893339
-896497
-3237381
9816805
-6977206
-9848662
-7416880
-6994588
-8275932
4345338
-5752740
5677797
7454755
8319917
9160384
6072114
723794
4477072
3778761
6558574
655005
4111873
5690003
9308303
3234168
-681112
-3886814
-8834869
8883648
7767201
-7776538
-624948
9824622
4841129
1879760
7216857
9077955
2337109
-7675761
-1305465
-473876
-6545358
-6993579
-5738634
-6015091
-3135790
9124110
2070120
-4699220
-7149054
5166863
-6591119
343286
-7459356
-627808
-3216584
203218
-8895908
3560527
-3708155
-5108381
-5657406
4799311
-3377030
9714222
1205057
-9992151
8002142
4492696
3217929
-5375201
-352263
-2998982
-9362061
-5275369
7025086
6116016
1632123
-7518308
-3898399
1778352
6806473
-6893520
9385361
-4678414
2297606
-6394204
-174042
1438443
-3886168
1218512
268967
-6867542
6884119
6827842
6231290
4334380
-9291921
9498498
-3828469
6361352
-277844
-4726239
-7653667
-4057890
-297938
-7262673
9474797
8712217
2104070
-2184184
-3492181
7810756
6826205
1704325
-2288234
4521065
-1549891
2039034
-1213897
-8390710
-4183252
-1578334
1206249
-8389773
7110659
-5309797
-2566266
-9713728
4489402
9094751
-8637772
-1741784
-1698041
-7785935
-6073925
5995702
-3642264
7097336
10800
5765210
8359957
5981400
6860048
9652450
3791886
9687980
9512471
1083797
2651960
-8779325
-467327
-6061515
-1511456
258776
4550581
-7237935
1905976
-2416022
-8464348
-9119683
7977035
-4566636
9562121
7935006
-2126741
-8438543
-1410120
3207755
9602705
-164553
-8239005
-2367257
-4441665
-8498222
699417
2072442
7197291
-2922374
-7852820
488515
7808126
1210762
5178385
-4827946
2821186
-5813505
9462135
-3789749
5239801
3336606
7457669
9417650
-3476111
3898377
-1558205
7658643
-8791676
-2739147
-3656072
9701874
9882743
-4896661
9236965
727422
-5166778
7127117
-8509589
-4219210
6484107
-2192719
-7374509
-984775
8174434
-1650486
-8295870
5934669
7663163
-5331319
-648757
7412814
9266907
3850859
508291
5201941
-5437231
3037384
4047969
-3375741
3206626
7984518
9294115
-9676275
-8147208
-8161021
3643604
-3487547
-4355306
7655198
-9202016
8277966
-4250253
-1012366
3786322
-4553875
7535455
-7870541
-1079702
8591591
8628205
-5855750
-6933030
7159650
-7665730
-2595849
830659
281864
1853451
5471196
4807140
129152
-5531858
-7098386
-1386972
-1771944
-3022458
1114870
-9355180
-1752048
-6734693
-7465484
-8598530
-334918
-7985956
5697759
5588087
9552423
5386301
-1159179
8255718
632967
-2437988
9127764
7444681
-7407475
9591243
-4591
-3276484
-2480618
404449
-5818745
5324293
-3533524
-7943742
-1276888
-2204869
-2705417
-3091221
-6233237
-6798686
3933369
-2827583
-6175797
1118848
6446701
-7388728
-5913029
-3718589
5984648
8259207
-2061093
-291683
5446828
6401688
8159685
4791548
9925744
-7491337
7916062
-7357508
-5093350
-6237547
-9936023
-7117177
-9261601
-9225580
629101
-5996280
2064597
5222371
-9472184
3452439
2715802
-8410941
-9597421
1341357
-7387962
-55316
-1646985
3470626
6885472
7938809
-3192235
2825584
6148340
3415525
-916270
1628645
3328421
2589639
4367148
9625081
-2088165
9441310
-172910
-9468292
-8758617
-2905320
184702
-9397244
-2423634
-1388418
4858440
-8307611
3735301
-4917300
7411100
-3744059
-5587411
2282304
8571665
6785583
7444035
-6209629
-8820357
4722779
4091297
1215093
7365017
-7963381
-6368245
-2086371
-219229
-9209312
7304952
8279647
7437342
-8108839
1809789
-2374061
-2136204
6751889
-7731079
9602319
9281105
-8217904
-3871862
483132
-3610023
7240602
-7820842
-7872052
-6807499
-760243
3063167
4045247
3341605
5244144
5923078
6036699
-379406
4963350
-36347
-1975371
-6561180
-267744
-8357673
8750949
-1922892
5935657
-1369674
-3899576
6571057
759564
-8279271
-6489658
7512172
-5282388
3724588
-4967073
4776053
-2711779
4236762
-7058563
-6784533
-4264568
-4511443
-1925549
-1527429
-3177920
1762923
5812093
-4397775
-5385318
-5543691
-8092673
-9978015
-6634381
-7462034
1521045
2788796
-3863084
-6677577
-6633293
2328989
4910584
-8818657
-209557
1827205
-675276
-6847406
-5892930
8736448
-3544365
-3681753
7000037
325921
-3444922
1014801
3119114
-6391676
-6807758
7884104
-1968141
-5481593
-8522203
849837
1434891
-9546059
5564707
6524096
3593162
-2803953
-6111326
4523662
7862561
4385673
-8809773
704490
4079931
-5744780
3907410
5094660
7014854
-5878859
-7967654
-9010695
-9697972
-2466805
4678407
3267053
-8299356
9505023
2761482
-6121280
-6993363
-7357327
-2539682
4169754
-7285583
-9554892
-8004890
3599587
-2402207
-7508169
-4381445
9781675
2519794
1841901
-1973804
79437
-2734132
-8103618
-3175466
-578357
-8430002
-3231095
-2802765
-4911541
-7599416
1748042
1285096
-8655282
-5070829
-7319839
-8309909
-2076555
5773519
-9300234
4872699
-9452275
9003542
-2970676
9984961
4446060
-8953294
-9277636
-420708
-1200455
-4563692
-2297064
-4707733
8522618
-4344128
-3054316
-5025758
-967271
7405409
-3113719
-5951929
9582624
2801541
9729284
-8613690
-8286876
-6268765
9967720
-8307458
-4236826
4700503
2492684
3311071
-2132810
7319504
-2386867
2907207
-5434292
-5357872
8833921
3528108
-6423806
5376045
-8773918
8070464
-3555856
1242807
-1228553
9798677
4488021
4403896
4719656
8386805
4681617
-6548393
-8588503
-7135567
5798626
-9608598
-4094558
-5942394
310399
7966830
1518259
-5563447
-2819216
-9963837
-8259301
1893290
4649258
-1057318
264030
4576453
-6405628
6509350
-8649434
5961216
8960903
-6838391
2786800
7993188
-9475170
-5269940
1510049
-7394316
-5525193
-9288740
-348069
2617208
-8849476
-522574
6457782
7237437
7978818
-3924613
-5715466
2422663
-4525959
1437586
-9678334
236698
-9317065
5254056
3179417
4483340
-8313852
4427218
8659266
9723505
-4970510
-6335629
-8094846
-963063
3995045
-7281360
167043
-5564287
5142603
-7693434
-6645280
8511766
-4470897
7783017
-2320383
-1521634
6873985
-4389191
-9145349
-9366676
6049060
-3368380
4033545
1619063
-4295765
-5289711
2876142
8739283
-8789139
-5318658
7489715
-2536021
873708
-6686313
-5901945
6813532
-3657470
-4690893
6331614
2409396
-4578586
8608051
8714293
-4399713
4581061
2215833
-3689932
-178404
-3195987
1148118
-7943044
-5927252
1112516
6317887
8920323
-5733445
-8982771
-8072410
-9293255
9248251
-2955835
-881756
-8246481
-8276240
-447614
2170480
8104476
8465954
-198241
3260899
1720907
2559414
8934005
4159343
1165259
-1623120
-4747657
2134796
-7379540
-7058247
-8209889
9417271
7753825
8437931
-9886742
329268
7713775
6441641
5009324
-377071
-5078700
-8592462
-7412071
-3049195
398501
-1975949
4759709
-2178965
-1118857
4198441
-5711692
-601895
-9919189
-6659308
-4439126
-7218993
7541761
-6650827
-1577035
-9225242
-5584590
-1485720
-4582809
7176631
-7800671
8545943
-5852074
9809582
9312645
3832283
-6936559
-8003223
-1371062
-6039975
5741826
6825040
7688583
9875455
-2363666
-8763486
1745756
1905585
-6860196
2864743
2952899
3655169
-4455334
-9479473
-1240722
-5955958
5080857
5935290
5077471
-5328338
-6289939
-9657433
-3260850
-4912876
1853462
3137973
8040764
8194694
1903845
-997779
742877
779651
4735334
4099972
-9701994
-6580803
5735844
3088815
9689322
8432622
-2911269
4265052
5608796
-5421811
7422457
9762301
-5632049
-9479988
2069590
-5895507
1962660
5214317
5971022
-508661
7165721
-30268
288842
1873799
-4188154
9171036
-8913627
463956
-5634811
3213707
453858
-8032237
1815581
-8022075
-310537
9414030
-5444068
-9621516
5008031
8180597
-5227428
3750284
-7632968
7084696
-3734999
-8182428
9760035
-5032247
-7804948
-2363545
-1520912
-4705070
-5301338
-2467132
392051
-5010340
1569714
-4408291
44711
-9362978
-5519300
-4693791
-9757684
1143886
9101562
1604219
-5507201
650976
9562623
8760753
7765730
-5257540
1649711
2299633
-6372852
7937274
4980359
-4638038
8411808
-7134683
8086103
-3143802
8499456
5365099
9170697
4837318
-1480841
-281455
-3751834
2460596
8371553
826511
6830018
-516692
-738387
8433130
-958906
9631562
-1650012
-9416746
6324127
-657323
3882367
9133387
6976077
6001135
7462535
6997169
-703267
-739230
-3945666
-6228288
71277
9395839
9956220
4800592
1987902
-331576
3824893
5568143
-6543760
3699749
6737782
2668865
-9791169
-7673640
-4440810
4194125
5526854
-7391887
-2426222
6358492
663034
-7527648
1394328
7807272
-2331742
6706296
-4880613
5926538
4265520
-9133494
-1473021
-1584265
26757
-3128708
-9532690
2956972
6630227
-9319296
-8125414
6035869
-2531911
-4635515
9911603
-8508641
2343799
-3701978
7748887
882408
-1926264
-2100252
2658782
-5677581
4433941
5490785
3234786
8685584
-7940734
7498125
9907610
-3290394
-174953
-1411298
-2980390
4530250
-7766841
6223172
-7828580
-170759
8076806
2951292
-402667
3735452
7337516
6887686
1275272
3635637
5407279
-3010792
9759781
4902233
701271
-5195301
5151276
8275562
1163693
-6069911
-7822512
-5103579
3298356
-2796377
-3957700
-8833066
2769858
3667390
3597551
-2057561
-1565008
7616194
-2528876
4836699
-2526210
-6444181
-3595162
-4820347
7291491
3490896
-9539540
7929150
4542487
-9973561
-6068021
-2716458
3250650
-8266096
-9352984
-9251316
-7805265
9589755
-1110198
-6436345
-4122764
-9387708
862378
-318847
3535339
-4704155
-8446882
4757671
-5545740
4024919
-1451966
4777900
7251397
-9679922
-2812643
-8831142
-3949800
-9803319
-2381763
4543578
-2228140
6382411
4119990
-5768157
-5436072
898898
5474726
1006910
-4598718
476958
-3616424
-8229794
-2878174
-900807
-6672617
-980964
9062244
-3339683
-1201648
-8643642
4309394
-2448937
9258688
-8298328
-6349706
6358166
-1167384
5415481
4019459
7604459
-6487218
-5270494
-2900631
8037008
-8071672
2677441
-2147959
-7517007
9720008
9037569
8651471
-7786722
9654414
-4762653
-4116700
-5994716
2884175
-9118899
9129258
-6446955
8684869
-4704897
-6645928
-2712426
3698736
2994959
3616305
9320115
5123773
7140165
271076
-328124
5698392
-4744178
-6242841
-5059701
1137801
-7822637
8388887
-3877964
-7130855
9121619
2841613
-7031565
806465
3505293
-732476
1742609
7004116
-1143057
8749309
-9519894
3149127
-9903195
-3302245
8694760
-1815286
9740888
2388491
-6492391
-8896685
-9897253
-7170050
-7719645
9936274
1753452
6689872
7854126
-3362611
-747406
-804063
735624
166574
-4620825
560107
-4198211
-3340820
-2783523
-7581466
-3090031
-2806068
-3217941
-1585712
3245994
5735325
3887191
-6644264
-8315227
-998348
-460728
-3813240
8449014
-7638384
2833634
1479797
-4479970
-1928026
-3801986
2468353
2608539
-661847
-9843824
-5793887
-5312634
388659
-6156078
8633378
832138
8254697
4758563
-2495696
-7539387
-8595558
-6239431
-4026490
-3844805
114996
7228126
-4672145
-7714254
6363380
9685646
5710288
2524670
3102565
-7005138
3691183
9814048
5847796
9889846
-5229005
618926
-211406
-3353751
4182923
8001669
3307124
2516412
6718789
-4311705
-258377
7603568
1817620
-8667525
-3037664
200312
-5248748
-2405837
4625393
1886406
-2065737
4458103
-7573390
7212829
1034547
2250595
6002496
2712846
-7593458
5516538
-4755861
8644687
-4818451
1872212
192747
-886121
7454148
7156649
6229716
-1819633
8954807
5249515
533453
848985
525437
7163600
5746769
9116513
-1550989
-6601303
-2437661
-915192
-6970849
-237382
7310303
-2407316
363061
244040
-4094396
8828283
-8551360
-7420302
-3596102
9519392
993116
-7655755
-8834004
884699
-8399060
7062590
9426704
-5475160
-1654130
2702019
-8648149
8620288
-7027347
6618381
-8168485
-5895287
4236834
-3580256
650645
-5683310
3038631
-2687954
3139401
24078
-2481558
9242724
-2886657
-2639196
8817330
-7873132
6307706
4983852
-4788229
-371741
1372981
-2610624
-5682208
302272
-5080152
-8201893
-5947172
194644
-5007633
-9851747
-8064371
-3542001
4897326
9241363
-6993529
-8616885
-5790676
3540096
-4644522
7598294
-9088795
-5007464
-7673801
-633927
-9068075
71581
6059100
-2482486
4685578
5111215
-7966765
6141366
8061173
-4266136
2821112
4525718
-1504096
1291541
2200036
7313136
-4754346
3070347
-2925021
-7067948
-4226270
-4425345
8134556
-428846
-891261
-229821
-2841581
4061121
9678367
5272498
7199373
-4565794
-4153252
-5751235
-3935889
-8081691
-2805366
-7806575
-7613564
7816408
7668967
5508956
9255698
-3972799
-135140
-297339
-5659035
7196732
-9798277
-7090106
-9007323
1715526
6584777
-8117563
511826
-3843414
7131390
-8319256
-2238943
-3593664
-8410431
-3812152
-4470311
-8441947
8066788
1193330
-7853192
-9880773
-9056170
3426530
-8460271
6809601
86585
-9861346
3885802
7295192
-9690292
1124138
813836
-1974881
-1921291
-2029073
-921428
-3170040
9313073
-2438811
3818110
-9199916
3712006
8870142
585478
-5286213
7222252
2312397
7788275
2328739
-1127430
-8923194
-6263461
1125170
5023695
-9351034
2414555
-5819469
458097
8454625
7295993
3111617
7772339
-5793842
9334178
4906815
-3940546
9840462
-7981565
8077616
2372270
-8220704
8463136
6207246
3784311
-1596371
-2743953
2882471
8823900
5336552
-6424880
-867739
8446346
4714496
357918
8922707
4737832
-3430176
1998898
-8935846
-37295
-2100942
1351460
-73582
5645134
-8384204
-2638931
9824957
-3543411
787631
-3561826
-8589423
2984212
-7691420
-225829
-3648240
5723054
-9547245
954969
777202
237948
-5496246
-3511087
1066782
6693090
1712564
-8151676
9114669
-6772187
-6370602
-2390022
3324959
-3383051
-4064504
2014625
-4293525
1021944
740334
-3315054
5050070
-571903
5073342
9758113
1851001
5641130
303559
3159616
-4477316
-6205054
7862521
8230043
1823627
3081
-5640350
-4714677
9998039
1370108
-5791706
7255807
-2204138
699287
-109002
-8939800
9737086
8178071
-2697040
5965571
-1386180
-9652419
3301425
1574002
1030267
5674264
-6494279
-9274922
-1988155
6306828
9395181
2737494
2057462
2447056
9107254
7831566
-6818139
-3094995
4865663
2587627
-2800052
4773948
1751833
7096496
2873632
-1024782
6668964
1389958
9521035
3040606
-5111382
-4353228
-6463484
3521260
-8759787
9666458
-6513706
-1253950
-8707091
9494597
116434
-4475432
5522179
-9468082
-9198020
-105738
-9868582
-9792483
-935176
3178335
9958126
2183858
5836965
4355269
6716801
-2331307
2619942
3359763
-444578
8780024
2082295
9142353
6664102
-3675770
7307822
2138360
2601275
3437764
159092
8658641
2401687
-7054716
200340
-9615605
-7797272
2625269
-6370891
-9730619
9830273
-9184870
7419899
-6412361
3320142
-8350197
-7079601
3619038
-5306827
-2896117
-2244778
5811241
348568
7456234
5292713
-30111
-4312420
-1405492
-1346383
8503756
-5574554
-1756004
-9700090
-7075306
-9795862
9189837
5899368
-7356551
5201108
629889
2876702
-3309254
-3937628
-7926805
9578809
-1930498
-4304700
-9304822
-2891230
-2611541
-6033258
1746635
1816225
7647050
2917747
-6944074
2837559
-672821
3092844
535927
-3933382
-6973513
5331733
3613218
-9311876
5564755
1200946
8622112
-4406032
7680724
9276283
3006866
9115459
1241355
4198129
5959697
-6033346
-8392585
-9659078
8341450
6637215
8541407
9331994
-4108420
-1131821
2701368
4385181
2263639
8786674
8267085
2008886
3074914
-7532327
1215960
5859570
4617233
1851299
2974479
-6312928
-7425551
3811933
2909995
3946273
928996
-1840280
7842861
7627561
4852384
-4658192
6008325
8184911
8402773
9317038
643942
-2828398
-3877492
-90486
986131
6808998
-6277274
-1127445
1175343
-6620495
-5164712
2454697
-9973669
-8940209
-9626504
-2840757
3367640
-91056
1885811
2412799
9732039
-9363555
5745832
-2486201
8546139
-6352692
4921057
-1106888
-9980605
-1248005
848522
-6239646
-1205761
6267830
4114885
2225803
949514
3938103
-355216
909253
-6213950
5957207
1778164
8453021
9076917
-739486
5535562
2116310
-1237245
635243
863223
-4471420
-6376854
-4393957
2567574
-3099902
-6120372
-8228150
-9755832
8586350
-2058886
5525652
9684828
848793
-6151324
7976566
-4990079
-5124274
-759701
-4674767
9527083
7503703
1894416
966561
-9791116
435146
1014105
-6578393
-7413919
-8283756
1196173
-4857729
-7341232
-7736902
6293382
4480106
8949327
-243590
4582615
-9724801
-7168295
-5204011
4256985
8429287
962314
-6971638
-3957271
6656678
7431949
-1359843
3952735
3126907
-4826069
-2430351
-1688706
5668584
7597772
-8487133
5053299
6299537
5123042
-9345672
-479900
3474841
25854
8319407
-4151424
-8138483
-5048404
-6572527
1164242
4305869
-5633428
-3945151
-2275464
8500954
7436565
-6867702
9005220
5057450
9756172
4915369
6494711
-6366922
7352637
4413560
4945780
7215521
-4531604
-8246180
-839802
-8769508
4426494
-2779592
7943701
-1979611
-2577780
9995110
5753327
-1001868
-4090684
3053739
8535805
-9424450
5820055
-1595799
-1741584
-9414961
-9002891
9228621
-8913742
-3973747
4432397
411204
7729618
5378901
3889565
-5631002
-8546820
-7672451
-935285
9208991
49277
8545640
-2864151
5366994
-3314851
-7408856
2532255
2309450
7159
-6565299
-6606103
-1729507
7984225
-1125580
6478568
-8289115
2368750
-9383804
-1934841
-779638
-33427
538479
3934922
9466451
-6960749
-3993939
-9317350
6368846
-2666452
4525961
-5773022
-881622
9545300
2578526
-9551111
-3838416
2469953
1311535
8933227
5901758
-4934350
7190551
-1284167
-3494303
2856804
-6644568
-7983291
9770327
3950279
-7147917
200155
-7172732
-161130
-4875130
-9708455
9073703
7386866
